Vessel, Departing, Arriving, Scheduled Depart, Actual Depart, Est. Arrival, Date 
Chimacum,Colman,Bremerton,00:50,01:06,02:02,08/09/2026,
Chimacum,Bremerton,Colman,06:20,06:22,07:19,08/09/2026,
Chimacum,Colman,Bremerton,07:35,07:37,08:36,08/09/2026,
Chimacum,Bremerton,Colman,08:45,08:47,09:44,08/09/2026,
Chimacum,Colman,Bremerton,10:00,10:02,10:58,08/09/2026,
Chimacum,Bremerton,Colman,11:10,11:15,12:16,08/09/2026,
Chimacum,Colman,Bremerton,12:20,12:34,13:29,08/09/2026,
Chimacum,Bremerton,Colman,13:30,13:43,14:43,08/09/2026,
Chimacum,Colman,Bremerton,14:50,15:02,15:57,08/09/2026,
Chimacum,Bremerton,Colman,16:15,16:18,17:18,08/09/2026,
Chimacum,Colman,Bremerton,17:30,17:38,18:34,08/09/2026,
Chimacum,Bremerton,Colman,18:40,18:54,19:51,08/09/2026,
Chimacum,Colman,Bremerton,19:50,20:07,21:03,08/09/2026,
Chimacum,Bremerton,Colman,21:00,21:14,22:10,08/09/2026,
Chimacum,Colman,Bremerton,22:30,22:41,23:37,08/09/2026,
Chimacum,Bremerton,Colman,23:40,23:46,00:42,08/09/2026,
Chimacum,Colman,Bremerton,00:50,00:54,01:49,08/10/2026,
Chimacum,Bremerton,Colman,06:20,06:22,07:17,08/10/2026,
Chimacum,Colman,Bremerton,07:35,07:37,08:35,08/10/2026,
Chimacum,Bremerton,Colman,08:45,08:49,09:46,08/10/2026,
Chimacum,Colman,Bremerton,10:00,10:01,10:59,08/10/2026,
Chimacum,Bremerton,Colman,11:10,11:13,12:12,08/10/2026,
Chimacum,Colman,Bremerton,12:20,12:33,13:34,08/10/2026,
