Vessel, Departing, Arriving, Scheduled Depart, Actual Depart, Est. Arrival, Date 
Puyallup,Kingston,Edmonds,04:45,04:47,05:07,12/05/2025,
Puyallup,Edmonds,Kingston,05:35,05:36,05:57,12/05/2025,
Puyallup,Kingston,Edmonds,06:25,06:26,06:48,12/05/2025,
Puyallup,Edmonds,Kingston,07:10,07:11,07:32,12/05/2025,
Puyallup,Kingston,Edmonds,07:55,07:56,08:22,12/05/2025,
Puyallup,Edmonds,Kingston,08:50,08:51,09:14,12/05/2025,
Puyallup,Kingston,Edmonds,09:35,09:36,09:57,12/05/2025,
Puyallup,Edmonds,Kingston,10:20,10:22,10:44,12/05/2025,
Puyallup,Kingston,Edmonds,11:05,11:06,11:28,12/05/2025,
Puyallup,Edmonds,Kingston,11:55,11:56,12:18,12/05/2025,
Puyallup,Kingston,Edmonds,12:45,12:46,13:07,12/05/2025,
Puyallup,Edmonds,Kingston,13:35,13:36,13:57,12/05/2025,
Puyallup,Kingston,Edmonds,14:30,14:30,14:52,12/05/2025,
Puyallup,Edmonds,Kingston,15:15,15:19,15:41,12/05/2025,
Puyallup,Kingston,Edmonds,16:00,16:03,16:24,12/05/2025,
Puyallup,Edmonds,Kingston,16:45,16:49,17:10,12/05/2025,
Puyallup,Kingston,Edmonds,17:30,17:31,17:52,12/05/2025,
Puyallup,Edmonds,Kingston,18:15,18:17,18:39,12/05/2025,
Puyallup,Kingston,Edmonds,19:00,19:01,19:23,12/05/2025,
Puyallup,Edmonds,Kingston,19:40,19:41,20:03,12/05/2025,
Puyallup,Kingston,Edmonds,20:20,20:20,20:42,12/05/2025,
Puyallup,Edmonds,Kingston,21:05,21:05,21:28,12/05/2025,
Puyallup,Kingston,Edmonds,21:40,21:40,22:03,12/05/2025,
Puyallup,Edmonds,Kingston,22:25,22:26,22:47,12/05/2025,
Puyallup,Kingston,Edmonds,23:10,23:10,23:32,12/05/2025,
Puyallup,Edmonds,Kingston,23:45,23:46,00:07,12/05/2025,
Puyallup,Kingston,Edmonds,04:45,04:45,05:06,12/06/2025,
Puyallup,Edmonds,Kingston,05:35,05:36,05:58,12/06/2025,
Puyallup,Kingston,Edmonds,06:25,06:26,06:49,12/06/2025,
Puyallup,Edmonds,Kingston,07:10,07:10,07:32,12/06/2025,
Puyallup,Kingston,Edmonds,07:55,07:56,08:17,12/06/2025,
Puyallup,Edmonds,Kingston,08:50,08:51,09:13,12/06/2025,
Puyallup,Kingston,Edmonds,09:35,09:36,09:58,12/06/2025,
Puyallup,Edmonds,Kingston,10:20,10:22,10:44,12/06/2025,
Puyallup,Kingston,Edmonds,11:05,11:06,11:27,12/06/2025,
Puyallup,Edmonds,Kingston,11:55,11:56,12:18,12/06/2025,
Puyallup,Kingston,Edmonds,12:45,12:50,13:11,12/06/2025,
Puyallup,Edmonds,Kingston,13:35,13:37,13:59,12/06/2025,
Puyallup,Kingston,Edmonds,14:30,14:31,14:52,12/06/2025,
Puyallup,Edmonds,Kingston,15:15,15:16,15:41,12/06/2025,
Puyallup,Kingston,Edmonds,16:00,16:04,16:26,12/06/2025,
Puyallup,Edmonds,Kingston,16:45,16:46,17:07,12/06/2025,
Puyallup,Kingston,Edmonds,17:30,17:32,17:53,12/06/2025,
Puyallup,Edmonds,Kingston,18:15,18:16,18:37,12/06/2025,
Puyallup,Kingston,Edmonds,19:00,19:02,19:22,12/06/2025,
Puyallup,Edmonds,Kingston,19:40,19:40,20:02,12/06/2025,
Puyallup,Kingston,Edmonds,20:20,20:21,20:43,12/06/2025,
Puyallup,Edmonds,Kingston,21:05,21:05,21:27,12/06/2025,
Puyallup,Kingston,Edmonds,21:40,21:41,22:03,12/06/2025,
Puyallup,Edmonds,Kingston,22:25,22:26,22:47,12/06/2025,
Puyallup,Kingston,Edmonds,23:10,23:10,23:32,12/06/2025,
Puyallup,Edmonds,Kingston,23:45,23:46,00:07,12/06/2025,
Puyallup,Kingston,Edmonds,06:25,06:29,06:50,12/07/2025,
Puyallup,Edmonds,Kingston,07:10,07:10,07:32,12/07/2025,
Puyallup,Kingston,Edmonds,07:55,07:58,08:19,12/07/2025,
Puyallup,Edmonds,Kingston,08:50,08:51,09:12,12/07/2025,
Puyallup,Kingston,Edmonds,09:35,09:39,10:00,12/07/2025,
Puyallup,Edmonds,Kingston,10:20,10:24,10:44,12/07/2025,
Puyallup,Kingston,Edmonds,11:05,11:10,11:34,12/07/2025,
Puyallup,Edmonds,Kingston,11:55,11:57,12:19,12/07/2025,
Puyallup,Kingston,Edmonds,12:45,12:49,13:11,12/07/2025,
Puyallup,Edmonds,Kingston,13:35,13:38,13:59,12/07/2025,
Puyallup,Kingston,Edmonds,14:30,14:37,14:58,12/07/2025,
Puyallup,Edmonds,Kingston,15:15,15:19,15:40,12/07/2025,
Puyallup,Kingston,Edmonds,16:00,16:02,16:25,12/07/2025,
Puyallup,Edmonds,Kingston,16:45,16:47,17:12,12/07/2025,
Puyallup,Kingston,Edmonds,17:30,17:33,17:53,12/07/2025,
Puyallup,Edmonds,Kingston,18:15,18:16,18:37,12/07/2025,
Puyallup,Kingston,Edmonds,19:00,19:01,19:21,12/07/2025,
Puyallup,Edmonds,Kingston,19:40,19:41,20:03,12/07/2025,
Puyallup,Kingston,Edmonds,20:20,20:22,20:46,12/07/2025,
Puyallup,Edmonds,Kingston,21:05,21:06,21:27,12/07/2025,
Puyallup,Kingston,Edmonds,21:40,21:41,22:02,12/07/2025,
Puyallup,Edmonds,Kingston,22:25,22:25,22:47,12/07/2025,
Puyallup,Kingston,Edmonds,23:10,23:11,23:31,12/07/2025,
Puyallup,Edmonds,Kingston,23:45,23:45,00:06,12/07/2025,
Puyallup,Kingston,Edmonds,04:45,04:46,05:07,12/08/2025,
Puyallup,Edmonds,Kingston,05:35,05:36,05:57,12/08/2025,
Puyallup,Kingston,Edmonds,06:25,06:27,06:47,12/08/2025,
Puyallup,Edmonds,Kingston,07:10,07:10,07:31,12/08/2025,
Puyallup,Kingston,Edmonds,07:55,07:56,08:17,12/08/2025,
Puyallup,Edmonds,Kingston,08:50,08:51,09:15,12/08/2025,
Puyallup,Kingston,Edmonds,09:35,09:35,09:57,12/08/2025,
Puyallup,Edmonds,Kingston,10:20,10:20,10:41,12/08/2025,
Puyallup,Kingston,Edmonds,11:05,11:07,11:28,12/08/2025,
Puyallup,Edmonds,Kingston,11:55,11:55,12:18,12/08/2025,
Puyallup,Kingston,Edmonds,12:45,12:46,13:06,12/08/2025,
Puyallup,Edmonds,Kingston,13:35,13:36,13:59,12/08/2025,
Puyallup,Kingston,Edmonds,14:30,14:31,14:55,12/08/2025,
Puyallup,Edmonds,Kingston,15:15,15:17,15:38,12/08/2025,
Puyallup,Kingston,Edmonds,16:00,16:01,16:21,12/08/2025,
Puyallup,Edmonds,Kingston,16:45,16:46,17:08,12/08/2025,
Puyallup,Kingston,Edmonds,17:30,17:31,17:52,12/08/2025,
Puyallup,Edmonds,Kingston,18:15,18:17,18:39,12/08/2025,
Puyallup,Kingston,Edmonds,19:00,19:00,19:22,12/08/2025,
Puyallup,Edmonds,Kingston,19:40,19:41,20:03,12/08/2025,
Puyallup,Kingston,Edmonds,20:20,20:21,20:42,12/08/2025,
Puyallup,Edmonds,Kingston,21:05,21:07,21:29,12/08/2025,
Puyallup,Kingston,Edmonds,04:45,04:46,05:09,12/09/2025,
Puyallup,Edmonds,Kingston,05:35,05:35,05:55,12/09/2025,
Puyallup,Kingston,Edmonds,06:25,06:27,06:48,12/09/2025,
Puyallup,Edmonds,Kingston,07:10,07:18,07:39,12/09/2025,
Puyallup,Kingston,Edmonds,07:55,07:58,08:19,12/09/2025,
Puyallup,Edmonds,Kingston,08:50,08:51,09:12,12/09/2025,
Puyallup,Kingston,Edmonds,09:35,09:36,09:56,12/09/2025,
Puyallup,Edmonds,Kingston,10:20,10:21,10:41,12/09/2025,
Puyallup,Kingston,Edmonds,11:05,11:06,11:28,12/09/2025,
Puyallup,Edmonds,Kingston,11:55,11:57,12:17,12/09/2025,
Puyallup,Kingston,Edmonds,12:45,12:46,13:07,12/09/2025,
Puyallup,Edmonds,Kingston,13:35,13:36,13:57,12/09/2025,
Puyallup,Kingston,Edmonds,14:30,14:31,14:52,12/09/2025,
Puyallup,Edmonds,Kingston,15:15,15:16,15:37,12/09/2025,
Puyallup,Kingston,Edmonds,16:00,16:02,16:22,12/09/2025,
Puyallup,Edmonds,Kingston,19:40,19:39,20:17,12/09/2025,
Puyallup,Kingston,Edmonds,20:20,20:46,20:47,12/09/2025,
Puyallup,Edmonds,Kingston,21:05,21:05,21:07,12/09/2025,
Puyallup,Kingston,Edmonds,23:10,23:17,23:19,12/09/2025,
Puyallup,Edmonds,Kingston,23:45,23:46,23:52,12/09/2025,
Puyallup,Kingston,Edmonds,04:45,04:47,05:09,12/10/2025,
Puyallup,Edmonds,Kingston,05:35,05:36,05:58,12/10/2025,
Puyallup,Kingston,Edmonds,06:25,06:26,06:48,12/10/2025,
Puyallup,Edmonds,Kingston,07:10,07:11,07:32,12/10/2025,
Puyallup,Kingston,Edmonds,07:55,07:55,08:18,12/10/2025,
Puyallup,Edmonds,Kingston,08:50,08:51,09:12,12/10/2025,
Puyallup,Kingston,Edmonds,09:35,09:36,09:59,12/10/2025,
Puyallup,Edmonds,Kingston,10:20,10:48,10:56,12/10/2025,
Puyallup,Kingston,Edmonds,11:05,11:06,11:28,12/10/2025,
Puyallup,Edmonds,Kingston,11:55,11:57,12:19,12/10/2025,
Puyallup,Kingston,Edmonds,12:45,12:54,13:11,12/10/2025,
Puyallup,Edmonds,Kingston,13:35,13:36,13:59,12/10/2025,
Puyallup,Kingston,Edmonds,14:30,14:31,14:54,12/10/2025,
Puyallup,Edmonds,Kingston,15:15,15:24,15:45,12/10/2025,
Puyallup,Kingston,Edmonds,16:00,16:02,16:25,12/10/2025,
Puyallup,Edmonds,Kingston,16:45,16:47,17:07,12/10/2025,
Puyallup,Kingston,Edmonds,17:30,17:31,17:52,12/10/2025,
Puyallup,Edmonds,Kingston,18:15,18:16,18:37,12/10/2025,
Puyallup,Kingston,Edmonds,19:00,19:00,19:24,12/10/2025,
Puyallup,Edmonds,Kingston,19:40,19:42,20:02,12/10/2025,
Puyallup,Kingston,Edmonds,20:20,20:21,20:42,12/10/2025,
Puyallup,Edmonds,Kingston,21:05,21:06,21:27,12/10/2025,
Puyallup,Kingston,Edmonds,04:45,04:46,05:10,12/11/2025,
Puyallup,Edmonds,Kingston,05:35,05:36,05:56,12/11/2025,
Puyallup,Kingston,Edmonds,06:25,06:26,06:49,12/11/2025,
Puyallup,Edmonds,Kingston,07:10,07:12,07:32,12/11/2025,
Puyallup,Kingston,Edmonds,07:55,07:56,08:19,12/11/2025,
Puyallup,Edmonds,Kingston,08:50,08:52,09:13,12/11/2025,
Puyallup,Kingston,Edmonds,09:35,09:36,09:59,12/11/2025,
Puyallup,Edmonds,Kingston,10:20,10:21,10:42,12/11/2025,
Puyallup,Kingston,Edmonds,11:05,11:06,11:29,12/11/2025,
Puyallup,Edmonds,Kingston,11:55,11:56,12:19,12/11/2025,
Puyallup,Kingston,Edmonds,12:45,12:47,13:09,12/11/2025,
Puyallup,Edmonds,Kingston,13:35,13:36,13:56,12/11/2025,
Puyallup,Kingston,Edmonds,14:30,14:31,14:53,12/11/2025,
Puyallup,Edmonds,Kingston,15:15,15:17,15:38,12/11/2025,
Puyallup,Kingston,Edmonds,16:00,16:01,16:23,12/11/2025,
Puyallup,Edmonds,Kingston,16:45,16:46,17:07,12/11/2025,
Puyallup,Edmonds,Kingston,17:25,17:40,17:44,12/11/2025,
Puyallup,Kingston,Edmonds,17:30,17:31,17:35,12/11/2025,
Puyallup,Edmonds,Kingston,18:15,18:38,18:39,12/11/2025,
Puyallup,Kingston,Edmonds,19:00,18:55,19:06,12/11/2025,
Puyallup,Edmonds,Kingston,19:40,19:40,20:04,12/11/2025,
Puyallup,Kingston,Edmonds,21:40,22:19,22:26,12/11/2025,
Puyallup,Edmonds,Kingston,22:25,22:30,22:40,12/11/2025,
Puyallup,Kingston,Edmonds,23:10,23:05,23:12,12/11/2025,
Puyallup,Edmonds,Kingston,23:45,23:16,23:23,12/11/2025,
Puyallup,Kingston,Edmonds,04:45,04:48,05:10,12/12/2025,
Puyallup,Edmonds,Kingston,05:35,05:36,05:58,12/12/2025,
Puyallup,Kingston,Edmonds,06:25,06:25,06:47,12/12/2025,
Puyallup,Edmonds,Kingston,07:10,07:13,07:36,12/12/2025,
Puyallup,Kingston,Edmonds,07:55,07:57,08:20,12/12/2025,
Puyallup,Edmonds,Kingston,08:50,08:52,09:13,12/12/2025,
Puyallup,Kingston,Edmonds,09:35,09:36,09:58,12/12/2025,
Puyallup,Edmonds,Kingston,10:20,10:21,10:45,12/12/2025,
Puyallup,Kingston,Edmonds,11:05,11:07,11:30,12/12/2025,
Puyallup,Edmonds,Kingston,11:55,11:56,12:19,12/12/2025,
Puyallup,Kingston,Edmonds,12:45,12:46,13:08,12/12/2025,
Puyallup,Edmonds,Kingston,13:35,13:35,13:57,12/12/2025,
Puyallup,Kingston,Edmonds,14:30,14:31,14:54,12/12/2025,
Puyallup,Edmonds,Kingston,15:15,15:21,15:46,12/12/2025,
Puyallup,Kingston,Edmonds,16:00,16:10,16:33,12/12/2025,
Puyallup,Edmonds,Kingston,16:45,16:59,17:21,12/12/2025,
Puyallup,Kingston,Edmonds,17:30,17:47,18:09,12/12/2025,
Puyallup,Edmonds,Kingston,18:15,18:27,18:50,12/12/2025,
Puyallup,Kingston,Edmonds,19:00,19:06,19:28,12/12/2025,
Puyallup,Edmonds,Kingston,19:40,19:41,20:04,12/12/2025,
Puyallup,Kingston,Edmonds,20:20,20:21,20:43,12/12/2025,
Puyallup,Edmonds,Kingston,21:05,21:06,21:27,12/12/2025,
Puyallup,Kingston,Edmonds,21:40,21:40,22:02,12/12/2025,
Puyallup,Edmonds,Kingston,22:25,22:25,22:47,12/12/2025,
Puyallup,Kingston,Edmonds,23:10,23:10,23:32,12/12/2025,
Puyallup,Edmonds,Kingston,23:45,23:47,00:08,12/12/2025,
Puyallup,Kingston,Edmonds,04:45,04:46,05:09,12/13/2025,
Puyallup,Edmonds,Kingston,05:35,05:36,05:58,12/13/2025,
Puyallup,Kingston,Edmonds,06:25,06:26,06:48,12/13/2025,
Puyallup,Edmonds,Kingston,07:10,07:11,07:32,12/13/2025,
Puyallup,Kingston,Edmonds,07:55,07:55,08:18,12/13/2025,
Puyallup,Edmonds,Kingston,08:50,08:52,09:13,12/13/2025,
Puyallup,Kingston,Edmonds,09:35,09:37,09:59,12/13/2025,
Puyallup,Edmonds,Kingston,10:20,10:21,10:43,12/13/2025,
Puyallup,Kingston,Edmonds,11:05,11:06,11:29,12/13/2025,
Puyallup,Edmonds,Kingston,11:55,11:56,12:19,12/13/2025,
Puyallup,Kingston,Edmonds,12:45,12:46,13:07,12/13/2025,
Puyallup,Edmonds,Kingston,13:35,13:36,13:57,12/13/2025,
Puyallup,Kingston,Edmonds,14:30,14:30,14:52,12/13/2025,
Puyallup,Edmonds,Kingston,15:15,15:18,15:40,12/13/2025,
Puyallup,Kingston,Edmonds,16:00,16:03,16:27,12/13/2025,
Puyallup,Edmonds,Kingston,16:45,16:51,17:13,12/13/2025,
Puyallup,Kingston,Edmonds,17:30,17:32,17:55,12/13/2025,
Puyallup,Edmonds,Kingston,18:15,18:16,18:37,12/13/2025,
Puyallup,Kingston,Edmonds,19:00,19:00,19:22,12/13/2025,
Puyallup,Edmonds,Kingston,19:40,19:41,20:05,12/13/2025,
Puyallup,Kingston,Edmonds,20:20,20:21,20:43,12/13/2025,
Puyallup,Edmonds,Kingston,21:05,21:07,21:28,12/13/2025,
Puyallup,Kingston,Edmonds,21:40,21:40,22:02,12/13/2025,
Puyallup,Edmonds,Kingston,22:25,22:26,22:48,12/13/2025,
Puyallup,Kingston,Edmonds,23:10,23:12,23:33,12/13/2025,
Puyallup,Edmonds,Kingston,23:45,23:46,00:09,12/13/2025,
Puyallup,Kingston,Edmonds,06:25,06:28,06:49,12/14/2025,
Puyallup,Edmonds,Kingston,07:10,07:11,07:32,12/14/2025,
Puyallup,Kingston,Edmonds,07:55,07:57,08:17,12/14/2025,
Puyallup,Edmonds,Kingston,08:50,08:51,09:12,12/14/2025,
Puyallup,Kingston,Edmonds,09:35,09:36,09:56,12/14/2025,
Puyallup,Edmonds,Kingston,10:20,10:21,10:42,12/14/2025,
Puyallup,Kingston,Edmonds,11:05,11:06,11:26,12/14/2025,
Puyallup,Edmonds,Kingston,11:55,11:57,12:18,12/14/2025,
Puyallup,Kingston,Edmonds,12:45,12:46,13:08,12/14/2025,
Puyallup,Edmonds,Kingston,13:35,13:36,13:57,12/14/2025,
Puyallup,Kingston,Edmonds,14:30,14:30,14:52,12/14/2025,
Puyallup,Edmonds,Kingston,15:15,15:16,15:39,12/14/2025,
Puyallup,Kingston,Edmonds,16:00,16:01,16:21,12/14/2025,
Puyallup,Edmonds,Kingston,16:45,16:48,17:10,12/14/2025,
Puyallup,Kingston,Edmonds,17:30,17:32,17:54,12/14/2025,
Puyallup,Edmonds,Kingston,18:15,18:16,18:38,12/14/2025,
Puyallup,Kingston,Edmonds,19:00,19:02,19:23,12/14/2025,
Puyallup,Edmonds,Kingston,19:40,19:41,20:03,12/14/2025,
Puyallup,Kingston,Edmonds,20:20,20:21,20:42,12/14/2025,
Puyallup,Edmonds,Kingston,21:05,21:09,21:35,12/14/2025,
Puyallup,Kingston,Edmonds,21:40,21:45,22:07,12/14/2025,
Puyallup,Edmonds,Kingston,22:25,22:26,22:48,12/14/2025,
Puyallup,Kingston,Edmonds,23:10,23:11,23:32,12/14/2025,
Puyallup,Edmonds,Kingston,23:45,23:46,00:07,12/14/2025,
Puyallup,Kingston,Edmonds,04:45,04:45,05:08,12/15/2025,
Puyallup,Edmonds,Kingston,05:35,05:35,05:56,12/15/2025,
Puyallup,Kingston,Edmonds,06:25,06:26,06:48,12/15/2025,
Puyallup,Edmonds,Kingston,07:10,07:10,07:31,12/15/2025,
Puyallup,Kingston,Edmonds,07:55,07:57,08:18,12/15/2025,
Puyallup,Edmonds,Kingston,08:50,08:51,09:13,12/15/2025,
Puyallup,Kingston,Edmonds,09:35,09:36,09:56,12/15/2025,
Puyallup,Edmonds,Kingston,10:20,10:21,10:41,12/15/2025,
Puyallup,Kingston,Edmonds,11:05,11:06,11:27,12/15/2025,
Puyallup,Edmonds,Kingston,11:55,11:56,12:17,12/15/2025,
Puyallup,Kingston,Edmonds,12:45,12:54,13:14,12/15/2025,
Puyallup,Edmonds,Kingston,13:35,13:36,13:59,12/15/2025,
Puyallup,Kingston,Edmonds,14:30,14:32,14:52,12/15/2025,
Puyallup,Edmonds,Kingston,15:15,15:17,15:39,12/15/2025,
Puyallup,Kingston,Edmonds,16:00,16:02,16:22,12/15/2025,
Puyallup,Edmonds,Kingston,16:45,16:46,17:09,12/15/2025,
Puyallup,Kingston,Edmonds,17:30,17:31,17:53,12/15/2025,
Puyallup,Edmonds,Kingston,18:15,18:16,18:39,12/15/2025,
Puyallup,Kingston,Edmonds,19:00,19:01,19:22,12/15/2025,
Puyallup,Edmonds,Kingston,19:40,19:40,20:02,12/15/2025,
Puyallup,Kingston,Edmonds,20:20,20:21,20:42,12/15/2025,
Puyallup,Edmonds,Kingston,21:05,21:05,21:28,12/15/2025,
Puyallup,Kingston,Edmonds,21:40,21:41,22:03,12/15/2025,
Puyallup,Edmonds,Kingston,22:25,22:26,22:48,12/15/2025,
Puyallup,Kingston,Edmonds,23:10,23:10,23:32,12/15/2025,
Puyallup,Edmonds,Kingston,23:45,23:45,00:07,12/15/2025,
Puyallup,Kingston,Edmonds,06:25,06:28,06:49,12/16/2025,
Puyallup,Edmonds,Kingston,07:10,07:11,07:32,12/16/2025,
Puyallup,Kingston,Edmonds,07:55,07:56,08:17,12/16/2025,
Puyallup,Edmonds,Kingston,08:50,08:51,09:11,12/16/2025,
Puyallup,Kingston,Edmonds,09:35,09:37,09:58,12/16/2025,
Puyallup,Edmonds,Kingston,10:20,10:22,10:43,12/16/2025,
Puyallup,Kingston,Edmonds,11:05,11:06,11:27,12/16/2025,
Puyallup,Edmonds,Kingston,11:55,11:56,12:17,12/16/2025,
Puyallup,Kingston,Edmonds,12:45,12:46,13:10,12/16/2025,
Puyallup,Edmonds,Kingston,13:35,13:39,14:00,12/16/2025,
Puyallup,Kingston,Edmonds,14:30,14:30,14:52,12/16/2025,
Puyallup,Edmonds,Kingston,15:15,15:16,15:41,12/16/2025,
Puyallup,Kingston,Edmonds,16:00,16:07,16:23,12/16/2025,
Puyallup,Edmonds,Kingston,16:45,16:54,17:08,12/16/2025,
Puyallup,Kingston,Edmonds,17:30,17:31,17:51,12/16/2025,
Puyallup,Edmonds,Kingston,18:15,18:15,18:39,12/16/2025,
Puyallup,Kingston,Edmonds,19:00,18:57,19:22,12/16/2025,
Puyallup,Edmonds,Kingston,19:40,19:59,20:02,12/16/2025,
Puyallup,Kingston,Edmonds,20:20,20:21,20:22,12/16/2025,
Puyallup,Edmonds,Kingston,21:05,21:28,21:28,12/16/2025,
Puyallup,Edmonds,Kingston,22:25,21:49,21:51,12/16/2025,
Puyallup,Kingston,Edmonds,04:45,04:47,05:09,12/17/2025,
Puyallup,Edmonds,Kingston,05:35,05:36,06:03,12/17/2025,
Puyallup,Kingston,Edmonds,06:25,06:27,06:50,12/17/2025,
Puyallup,Edmonds,Kingston,07:10,07:10,07:34,12/17/2025,
Puyallup,Kingston,Edmonds,07:55,07:57,08:19,12/17/2025,
Puyallup,Edmonds,Kingston,08:50,09:19,09:26,12/17/2025,
Puyallup,Kingston,Edmonds,09:35,09:39,10:01,12/17/2025,
Puyallup,Edmonds,Kingston,10:20,10:22,10:45,12/17/2025,
Puyallup,Kingston,Edmonds,11:05,11:06,11:29,12/17/2025,
Puyallup,Edmonds,Kingston,11:55,11:57,12:18,12/17/2025,
Puyallup,Kingston,Edmonds,12:45,12:46,13:09,12/17/2025,
Puyallup,Edmonds,Kingston,13:35,13:37,13:58,12/17/2025,
Puyallup,Kingston,Edmonds,14:30,14:31,14:53,12/17/2025,
Puyallup,Edmonds,Kingston,16:45,17:07,17:29,12/17/2025,
Puyallup,Kingston,Edmonds,17:30,17:59,18:19,12/17/2025,
Puyallup,Edmonds,Kingston,18:15,18:35,18:56,12/17/2025,
Puyallup,Kingston,Edmonds,19:00,19:12,19:32,12/17/2025,
Puyallup,Edmonds,Kingston,19:40,19:44,20:05,12/17/2025,
Puyallup,Kingston,Edmonds,20:20,20:21,20:42,12/17/2025,
Puyallup,Edmonds,Kingston,21:05,21:06,21:27,12/17/2025,
Puyallup,Kingston,Edmonds,04:45,04:46,05:08,12/18/2025,
Puyallup,Edmonds,Kingston,05:35,05:36,05:58,12/18/2025,
Puyallup,Kingston,Edmonds,06:25,06:26,06:48,12/18/2025,
Puyallup,Edmonds,Kingston,07:10,07:10,07:31,12/18/2025,
Puyallup,Kingston,Edmonds,07:55,07:59,08:20,12/18/2025,
Puyallup,Edmonds,Kingston,08:50,08:51,09:13,12/18/2025,
Puyallup,Kingston,Edmonds,09:35,09:39,10:02,12/18/2025,
Puyallup,Edmonds,Kingston,10:20,10:25,10:46,12/18/2025,
Puyallup,Kingston,Edmonds,11:05,11:09,11:31,12/18/2025,
Puyallup,Edmonds,Kingston,11:55,11:57,12:19,12/18/2025,
Puyallup,Kingston,Edmonds,12:45,12:50,13:12,12/18/2025,
Puyallup,Edmonds,Kingston,13:35,13:38,13:59,12/18/2025,
Puyallup,Kingston,Edmonds,14:30,14:32,14:58,12/18/2025,
Puyallup,Edmonds,Kingston,15:15,15:21,15:43,12/18/2025,
Puyallup,Kingston,Edmonds,16:00,16:02,16:32,12/18/2025,
Puyallup,Edmonds,Kingston,16:45,17:06,17:12,12/18/2025,
Puyallup,Kingston,Edmonds,17:30,17:31,17:51,12/18/2025,
Puyallup,Edmonds,Kingston,18:15,18:16,18:38,12/18/2025,
Puyallup,Kingston,Edmonds,19:00,19:00,19:20,12/18/2025,
Puyallup,Edmonds,Kingston,19:40,19:41,20:03,12/18/2025,
Puyallup,Kingston,Edmonds,20:20,20:21,20:43,12/18/2025,
Puyallup,Edmonds,Kingston,21:05,21:06,21:27,12/18/2025,
Puyallup,Kingston,Edmonds,04:45,04:46,05:07,12/19/2025,
Puyallup,Edmonds,Kingston,05:35,05:35,05:57,12/19/2025,
Puyallup,Kingston,Edmonds,06:25,06:26,06:47,12/19/2025,
Puyallup,Edmonds,Kingston,07:10,07:10,07:34,12/19/2025,
Puyallup,Kingston,Edmonds,07:55,07:56,08:18,12/19/2025,
Puyallup,Edmonds,Kingston,08:50,08:50,09:12,12/19/2025,
Puyallup,Kingston,Edmonds,09:35,09:43,10:05,12/19/2025,
Puyallup,Edmonds,Kingston,10:20,10:35,10:55,12/19/2025,
Puyallup,Kingston,Edmonds,11:05,11:15,11:37,12/19/2025,
Puyallup,Edmonds,Kingston,11:55,11:56,12:19,12/19/2025,
Puyallup,Kingston,Edmonds,12:45,12:46,13:07,12/19/2025,
Puyallup,Edmonds,Kingston,13:35,13:36,13:58,12/19/2025,
Puyallup,Kingston,Edmonds,14:30,14:35,14:56,12/19/2025,
Puyallup,Edmonds,Kingston,15:15,15:27,15:48,12/19/2025,
Puyallup,Kingston,Edmonds,16:00,16:12,16:33,12/19/2025,
Puyallup,Edmonds,Kingston,16:45,16:57,17:18,12/19/2025,
Puyallup,Kingston,Edmonds,17:30,17:38,17:59,12/19/2025,
Puyallup,Edmonds,Kingston,18:15,18:20,18:41,12/19/2025,
Puyallup,Kingston,Edmonds,19:00,19:01,19:22,12/19/2025,
Puyallup,Edmonds,Kingston,19:40,19:41,20:03,12/19/2025,
Puyallup,Kingston,Edmonds,20:20,20:20,20:43,12/19/2025,
Puyallup,Edmonds,Kingston,21:05,21:05,21:27,12/19/2025,
Puyallup,Kingston,Edmonds,21:40,21:40,22:04,12/19/2025,
Puyallup,Edmonds,Kingston,22:25,22:26,22:48,12/19/2025,
Puyallup,Kingston,Edmonds,23:10,23:11,23:33,12/19/2025,
Puyallup,Edmonds,Kingston,23:45,23:45,00:07,12/19/2025,
Puyallup,Kingston,Edmonds,04:45,04:45,05:07,12/20/2025,
Puyallup,Edmonds,Kingston,05:35,05:36,05:57,12/20/2025,
Puyallup,Kingston,Edmonds,06:25,06:27,06:48,12/20/2025,
Puyallup,Edmonds,Kingston,07:10,07:11,07:32,12/20/2025,
Puyallup,Kingston,Edmonds,07:55,07:56,08:16,12/20/2025,
Puyallup,Edmonds,Kingston,08:50,08:50,09:13,12/20/2025,
Puyallup,Kingston,Edmonds,09:35,09:35,09:58,12/20/2025,
Puyallup,Edmonds,Kingston,10:20,10:22,10:45,12/20/2025,
Puyallup,Kingston,Edmonds,11:05,11:08,11:32,12/20/2025,
Puyallup,Edmonds,Kingston,11:55,11:58,12:21,12/20/2025,
Puyallup,Kingston,Edmonds,12:45,12:46,13:07,12/20/2025,
Puyallup,Edmonds,Kingston,13:35,13:37,13:59,12/20/2025,
Puyallup,Kingston,Edmonds,14:30,14:31,14:52,12/20/2025,
Puyallup,Edmonds,Kingston,15:15,15:17,15:39,12/20/2025,
Puyallup,Kingston,Edmonds,16:00,16:04,16:25,12/20/2025,
Puyallup,Edmonds,Kingston,16:45,16:52,17:13,12/20/2025,
Puyallup,Kingston,Edmonds,17:30,17:32,17:52,12/20/2025,
Puyallup,Edmonds,Kingston,18:15,18:18,18:40,12/20/2025,
Puyallup,Kingston,Edmonds,19:00,19:00,19:23,12/20/2025,
Puyallup,Edmonds,Kingston,19:40,19:41,20:04,12/20/2025,
Puyallup,Kingston,Edmonds,20:20,20:20,20:47,12/20/2025,
Puyallup,Edmonds,Kingston,21:05,21:07,21:29,12/20/2025,
Puyallup,Kingston,Edmonds,21:40,21:42,22:04,12/20/2025,
Puyallup,Edmonds,Kingston,22:25,22:26,22:48,12/20/2025,
Puyallup,Kingston,Edmonds,23:10,23:11,23:32,12/20/2025,
Puyallup,Edmonds,Kingston,23:45,23:46,00:11,12/20/2025,
Puyallup,Kingston,Edmonds,06:25,06:28,06:55,12/21/2025,
Puyallup,Edmonds,Kingston,07:10,07:11,07:32,12/21/2025,
Puyallup,Kingston,Edmonds,07:55,07:57,08:20,12/21/2025,
Puyallup,Edmonds,Kingston,08:50,08:51,09:12,12/21/2025,
Puyallup,Kingston,Edmonds,09:35,09:37,09:58,12/21/2025,
Puyallup,Edmonds,Kingston,10:20,10:21,10:42,12/21/2025,
Puyallup,Kingston,Edmonds,11:05,11:09,11:30,12/21/2025,
Puyallup,Edmonds,Kingston,11:55,11:57,12:18,12/21/2025,
Puyallup,Kingston,Edmonds,12:45,12:46,13:08,12/21/2025,
Puyallup,Edmonds,Kingston,13:35,13:39,14:00,12/21/2025,
Puyallup,Kingston,Edmonds,14:30,14:34,14:54,12/21/2025,
Puyallup,Edmonds,Kingston,15:15,15:16,15:38,12/21/2025,
Puyallup,Kingston,Edmonds,16:00,16:01,16:26,12/21/2025,
Puyallup,Edmonds,Kingston,16:45,16:47,17:08,12/21/2025,
Puyallup,Kingston,Edmonds,17:30,17:32,17:52,12/21/2025,
Puyallup,Edmonds,Kingston,18:15,18:16,18:38,12/21/2025,
Puyallup,Kingston,Edmonds,19:00,19:00,19:22,12/21/2025,
Puyallup,Edmonds,Kingston,19:40,19:41,20:04,12/21/2025,
Puyallup,Kingston,Edmonds,20:20,20:21,20:46,12/21/2025,
Puyallup,Edmonds,Kingston,21:05,21:06,21:28,12/21/2025,
Puyallup,Kingston,Edmonds,21:40,21:40,22:03,12/21/2025,
Puyallup,Edmonds,Kingston,22:25,22:27,22:48,12/21/2025,
Puyallup,Kingston,Edmonds,23:10,23:10,23:31,12/21/2025,
Puyallup,Edmonds,Kingston,23:45,23:46,00:08,12/21/2025,
Puyallup,Kingston,Edmonds,04:45,04:46,05:08,12/22/2025,
Puyallup,Edmonds,Kingston,05:35,05:35,05:57,12/22/2025,
Puyallup,Kingston,Edmonds,06:25,06:26,06:48,12/22/2025,
Puyallup,Edmonds,Kingston,07:10,07:11,07:32,12/22/2025,
Puyallup,Kingston,Edmonds,07:55,07:55,08:16,12/22/2025,
Puyallup,Edmonds,Kingston,08:50,08:50,09:11,12/22/2025,
Puyallup,Kingston,Edmonds,09:35,09:39,10:00,12/22/2025,
Puyallup,Edmonds,Kingston,10:20,10:25,10:46,12/22/2025,
Puyallup,Kingston,Edmonds,11:05,11:08,11:30,12/22/2025,
Puyallup,Edmonds,Kingston,11:55,11:56,12:17,12/22/2025,
Puyallup,Kingston,Edmonds,12:45,12:46,13:07,12/22/2025,
Puyallup,Edmonds,Kingston,13:35,13:36,13:58,12/22/2025,
Puyallup,Kingston,Edmonds,14:30,14:31,14:52,12/22/2025,
Puyallup,Edmonds,Kingston,15:15,15:18,15:40,12/22/2025,
Puyallup,Kingston,Edmonds,16:00,16:05,16:25,12/22/2025,
Puyallup,Edmonds,Kingston,16:45,16:51,17:13,12/22/2025,
Puyallup,Kingston,Edmonds,17:30,17:32,17:54,12/22/2025,
Puyallup,Edmonds,Kingston,18:15,18:16,18:38,12/22/2025,
Puyallup,Kingston,Edmonds,19:00,19:01,19:21,12/22/2025,
Puyallup,Edmonds,Kingston,19:40,19:41,20:04,12/22/2025,
Puyallup,Kingston,Edmonds,20:20,20:22,20:44,12/22/2025,
Puyallup,Edmonds,Kingston,21:05,21:05,21:28,12/22/2025,
Puyallup,Kingston,Edmonds,21:40,21:41,22:02,12/22/2025,
Puyallup,Edmonds,Kingston,22:25,22:26,22:48,12/22/2025,
Puyallup,Kingston,Edmonds,23:10,23:10,23:31,12/22/2025,
Puyallup,Edmonds,Kingston,23:45,23:45,00:11,12/22/2025,
Puyallup,Kingston,Edmonds,04:45,04:47,05:08,12/23/2025,
Puyallup,Edmonds,Kingston,05:35,05:35,05:56,12/23/2025,
Puyallup,Kingston,Edmonds,06:25,06:26,06:47,12/23/2025,
Puyallup,Edmonds,Kingston,07:10,07:10,07:31,12/23/2025,
Puyallup,Kingston,Edmonds,07:55,07:56,08:17,12/23/2025,
Puyallup,Edmonds,Kingston,08:50,08:50,09:12,12/23/2025,
Puyallup,Kingston,Edmonds,09:35,09:37,09:58,12/23/2025,
Puyallup,Edmonds,Kingston,10:20,10:20,10:42,12/23/2025,
Puyallup,Kingston,Edmonds,11:05,11:07,11:29,12/23/2025,
Puyallup,Edmonds,Kingston,11:55,11:55,12:16,12/23/2025,
Puyallup,Kingston,Edmonds,12:45,12:46,13:08,12/23/2025,
Puyallup,Edmonds,Kingston,13:35,13:36,14:01,12/23/2025,
Puyallup,Kingston,Edmonds,14:30,14:33,14:54,12/23/2025,
Puyallup,Edmonds,Kingston,15:15,15:21,15:42,12/23/2025,
Puyallup,Kingston,Edmonds,16:00,16:10,16:30,12/23/2025,
Puyallup,Edmonds,Kingston,16:45,17:01,17:22,12/23/2025,
Puyallup,Kingston,Edmonds,17:30,17:44,18:30,12/23/2025,
Puyallup,Edmonds,Kingston,21:05,21:02,21:28,12/23/2025,
Puyallup,Kingston,Edmonds,04:45,04:56,05:13,12/24/2025,
Puyallup,Edmonds,Kingston,05:35,05:35,05:57,12/24/2025,
Puyallup,Kingston,Edmonds,06:25,06:26,06:48,12/24/2025,
Puyallup,Edmonds,Kingston,07:10,07:12,07:33,12/24/2025,
Puyallup,Kingston,Edmonds,07:55,07:56,08:18,12/24/2025,
Puyallup,Edmonds,Kingston,08:50,08:52,09:17,12/24/2025,
Puyallup,Kingston,Edmonds,09:35,09:37,10:00,12/24/2025,
Puyallup,Edmonds,Kingston,10:20,10:21,10:46,12/24/2025,
Puyallup,Kingston,Edmonds,11:05,11:09,11:31,12/24/2025,
Puyallup,Edmonds,Kingston,11:55,11:58,12:19,12/24/2025,
Puyallup,Kingston,Edmonds,12:45,12:46,13:08,12/24/2025,
Puyallup,Edmonds,Kingston,13:35,14:01,14:09,12/24/2025,
Puyallup,Kingston,Edmonds,14:30,14:31,14:51,12/24/2025,
Puyallup,Edmonds,Kingston,15:15,15:17,15:38,12/24/2025,
Puyallup,Kingston,Edmonds,16:00,16:01,16:23,12/24/2025,
Puyallup,Edmonds,Kingston,16:45,16:46,17:08,12/24/2025,
Puyallup,Kingston,Edmonds,17:30,17:30,17:51,12/24/2025,
Puyallup,Edmonds,Kingston,18:15,18:19,18:40,12/24/2025,
Puyallup,Kingston,Edmonds,19:00,19:02,19:22,12/24/2025,
Puyallup,Edmonds,Kingston,19:40,19:41,20:03,12/24/2025,
Puyallup,Kingston,Edmonds,20:20,20:21,20:43,12/24/2025,
Puyallup,Edmonds,Kingston,21:05,21:06,21:28,12/24/2025,
Puyallup,Kingston,Edmonds,04:45,04:45,05:08,12/25/2025,
Puyallup,Edmonds,Kingston,05:35,05:35,05:56,12/25/2025,
Puyallup,Kingston,Edmonds,06:25,06:27,06:49,12/25/2025,
Puyallup,Edmonds,Kingston,07:10,07:11,07:33,12/25/2025,
Puyallup,Kingston,Edmonds,07:55,07:55,08:17,12/25/2025,
Puyallup,Edmonds,Kingston,08:50,08:51,09:12,12/25/2025,
Puyallup,Kingston,Edmonds,09:35,09:36,09:58,12/25/2025,
Puyallup,Edmonds,Kingston,10:20,10:22,10:43,12/25/2025,
Puyallup,Kingston,Edmonds,11:05,11:15,11:38,12/25/2025,
Puyallup,Edmonds,Kingston,11:55,12:00,12:22,12/25/2025,
Puyallup,Kingston,Edmonds,12:45,12:47,13:09,12/25/2025,
Puyallup,Edmonds,Kingston,13:35,13:35,13:56,12/25/2025,
Puyallup,Kingston,Edmonds,14:30,14:29,14:48,12/25/2025,
Puyallup,Edmonds,Kingston,15:15,15:17,15:38,12/25/2025,
Puyallup,Kingston,Edmonds,16:00,16:00,16:21,12/25/2025,
Puyallup,Edmonds,Kingston,16:45,16:45,17:07,12/25/2025,
Puyallup,Kingston,Edmonds,17:30,17:33,17:55,12/25/2025,
Puyallup,Edmonds,Kingston,18:15,18:16,18:38,12/25/2025,
Puyallup,Kingston,Edmonds,19:00,19:08,19:23,12/25/2025,
Puyallup,Edmonds,Kingston,19:40,19:51,20:02,12/25/2025,
Puyallup,Kingston,Edmonds,20:20,20:22,20:43,12/25/2025,
Puyallup,Edmonds,Kingston,21:05,21:06,21:28,12/25/2025,
Puyallup,Kingston,Edmonds,21:40,21:40,22:03,12/25/2025,
Puyallup,Edmonds,Kingston,22:25,22:25,22:46,12/25/2025,
Puyallup,Kingston,Edmonds,23:10,23:10,23:30,12/25/2025,
Puyallup,Edmonds,Kingston,23:45,23:45,00:06,12/25/2025,
Puyallup,Kingston,Edmonds,04:45,04:46,05:09,12/26/2025,
Puyallup,Edmonds,Kingston,05:35,05:35,05:56,12/26/2025,
Puyallup,Kingston,Edmonds,06:25,06:26,06:47,12/26/2025,
Puyallup,Edmonds,Kingston,07:10,07:10,07:33,12/26/2025,
Puyallup,Kingston,Edmonds,07:55,07:56,08:18,12/26/2025,
Puyallup,Edmonds,Kingston,08:50,08:51,09:14,12/26/2025,
Puyallup,Kingston,Edmonds,09:35,09:36,09:56,12/26/2025,
Puyallup,Edmonds,Kingston,10:20,10:22,10:44,12/26/2025,
Puyallup,Kingston,Edmonds,11:05,11:07,11:28,12/26/2025,
Puyallup,Edmonds,Kingston,11:55,11:56,12:18,12/26/2025,
Puyallup,Kingston,Edmonds,12:45,12:47,13:10,12/26/2025,
Puyallup,Edmonds,Kingston,13:35,13:35,13:56,12/26/2025,
Puyallup,Kingston,Edmonds,14:30,14:32,14:54,12/26/2025,
Puyallup,Edmonds,Kingston,15:15,15:21,15:43,12/26/2025,
Puyallup,Kingston,Edmonds,16:00,16:07,16:29,12/26/2025,
Puyallup,Edmonds,Kingston,16:45,16:56,17:17,12/26/2025,
Puyallup,Kingston,Edmonds,17:30,17:43,18:04,12/26/2025,
Puyallup,Edmonds,Kingston,18:15,18:23,18:45,12/26/2025,
Puyallup,Kingston,Edmonds,19:00,19:04,19:26,12/26/2025,
Puyallup,Edmonds,Kingston,19:40,19:45,20:06,12/26/2025,
Puyallup,Kingston,Edmonds,20:20,20:21,20:43,12/26/2025,
Puyallup,Edmonds,Kingston,21:05,21:06,21:27,12/26/2025,
Puyallup,Kingston,Edmonds,21:40,21:40,22:02,12/26/2025,
Puyallup,Edmonds,Kingston,22:25,22:26,22:47,12/26/2025,
Puyallup,Kingston,Edmonds,23:10,23:10,23:31,12/26/2025,
Puyallup,Edmonds,Kingston,23:45,23:45,00:10,12/26/2025,
Puyallup,Kingston,Edmonds,04:45,04:46,05:09,12/27/2025,
Puyallup,Edmonds,Kingston,05:35,05:36,05:58,12/27/2025,
Puyallup,Kingston,Edmonds,06:25,06:26,06:48,12/27/2025,
Puyallup,Edmonds,Kingston,07:10,07:11,07:32,12/27/2025,
Puyallup,Kingston,Edmonds,07:55,07:56,08:18,12/27/2025,
Puyallup,Edmonds,Kingston,08:50,08:52,09:13,12/27/2025,
Puyallup,Kingston,Edmonds,09:35,09:38,10:00,12/27/2025,
Puyallup,Edmonds,Kingston,10:20,10:23,10:44,12/27/2025,
Puyallup,Kingston,Edmonds,11:05,11:08,11:30,12/27/2025,
Puyallup,Edmonds,Kingston,11:55,11:56,12:18,12/27/2025,
Puyallup,Kingston,Edmonds,12:45,12:45,13:09,12/27/2025,
Puyallup,Edmonds,Kingston,13:35,13:40,14:01,12/27/2025,
Puyallup,Kingston,Edmonds,14:30,14:34,14:56,12/27/2025,
Puyallup,Edmonds,Kingston,15:15,15:20,15:42,12/27/2025,
Puyallup,Kingston,Edmonds,16:00,16:06,16:28,12/27/2025,
Puyallup,Edmonds,Kingston,16:45,16:48,17:10,12/27/2025,
Puyallup,Kingston,Edmonds,17:30,17:31,17:54,12/27/2025,
Puyallup,Edmonds,Kingston,18:15,18:16,18:38,12/27/2025,
Puyallup,Kingston,Edmonds,19:00,19:00,19:23,12/27/2025,
Puyallup,Edmonds,Kingston,19:40,19:41,20:02,12/27/2025,
Puyallup,Kingston,Edmonds,20:20,20:20,20:43,12/27/2025,
Puyallup,Edmonds,Kingston,21:05,21:06,21:27,12/27/2025,
Puyallup,Kingston,Edmonds,21:40,21:44,22:06,12/27/2025,
Puyallup,Edmonds,Kingston,22:25,22:27,22:48,12/27/2025,
Puyallup,Kingston,Edmonds,23:10,23:16,23:36,12/27/2025,
Puyallup,Edmonds,Kingston,23:45,23:46,00:08,12/27/2025,
Puyallup,Kingston,Edmonds,06:25,06:27,06:48,12/28/2025,
Puyallup,Edmonds,Kingston,07:10,07:11,07:32,12/28/2025,
Puyallup,Kingston,Edmonds,07:55,07:55,08:17,12/28/2025,
Puyallup,Edmonds,Kingston,08:50,08:52,09:13,12/28/2025,
Puyallup,Kingston,Edmonds,09:35,09:36,09:58,12/28/2025,
Puyallup,Edmonds,Kingston,10:20,10:23,10:46,12/28/2025,
Puyallup,Kingston,Edmonds,11:05,11:12,11:33,12/28/2025,
Puyallup,Edmonds,Kingston,11:55,11:56,12:18,12/28/2025,
Puyallup,Kingston,Edmonds,12:45,12:46,13:07,12/28/2025,
Puyallup,Edmonds,Kingston,13:35,13:37,13:58,12/28/2025,
Puyallup,Kingston,Edmonds,14:30,14:34,14:55,12/28/2025,
Puyallup,Edmonds,Kingston,15:15,15:17,15:38,12/28/2025,
Puyallup,Kingston,Edmonds,16:00,16:01,16:21,12/28/2025,
Puyallup,Edmonds,Kingston,16:45,16:45,17:08,12/28/2025,
Puyallup,Kingston,Edmonds,17:30,17:32,17:52,12/28/2025,
Puyallup,Edmonds,Kingston,18:15,18:16,18:38,12/28/2025,
Puyallup,Kingston,Edmonds,19:00,19:02,19:22,12/28/2025,
Puyallup,Edmonds,Kingston,19:40,19:48,20:09,12/28/2025,
Puyallup,Kingston,Edmonds,20:20,20:22,20:43,12/28/2025,
Puyallup,Edmonds,Kingston,21:05,21:08,21:30,12/28/2025,
Puyallup,Kingston,Edmonds,21:40,21:41,22:02,12/28/2025,
Puyallup,Edmonds,Kingston,22:25,22:26,22:47,12/28/2025,
Puyallup,Kingston,Edmonds,23:10,23:10,23:33,12/28/2025,
Puyallup,Edmonds,Kingston,23:45,23:48,00:09,12/28/2025,
Puyallup,Kingston,Edmonds,04:45,04:46,05:08,12/29/2025,
Puyallup,Edmonds,Kingston,05:35,05:36,05:57,12/29/2025,
Puyallup,Kingston,Edmonds,06:25,06:27,06:48,12/29/2025,
Puyallup,Edmonds,Kingston,07:10,07:11,07:31,12/29/2025,
Puyallup,Kingston,Edmonds,07:55,07:56,08:18,12/29/2025,
Puyallup,Edmonds,Kingston,08:50,08:52,09:14,12/29/2025,
Puyallup,Kingston,Edmonds,09:35,09:38,09:59,12/29/2025,
Puyallup,Edmonds,Kingston,10:20,10:23,10:44,12/29/2025,
Puyallup,Kingston,Edmonds,11:05,11:10,11:32,12/29/2025,
Puyallup,Edmonds,Kingston,11:55,12:16,12:38,12/29/2025,
Puyallup,Kingston,Edmonds,12:45,13:04,13:25,12/29/2025,
Puyallup,Edmonds,Kingston,13:35,13:51,14:13,12/29/2025,
Puyallup,Kingston,Edmonds,14:30,14:42,15:03,12/29/2025,
Puyallup,Edmonds,Kingston,15:15,15:28,15:50,12/29/2025,
Puyallup,Kingston,Edmonds,16:00,16:16,16:37,12/29/2025,
Puyallup,Edmonds,Kingston,16:45,17:05,17:26,12/29/2025,
Puyallup,Kingston,Edmonds,17:30,17:48,18:08,12/29/2025,
Puyallup,Edmonds,Kingston,18:15,18:25,18:46,12/29/2025,
Puyallup,Kingston,Edmonds,19:00,19:03,19:23,12/29/2025,
Puyallup,Edmonds,Kingston,19:40,19:41,20:03,12/29/2025,
Puyallup,Kingston,Edmonds,20:20,20:21,20:43,12/29/2025,
Puyallup,Edmonds,Kingston,21:05,21:07,21:29,12/29/2025,
Puyallup,Kingston,Edmonds,21:40,21:42,22:03,12/29/2025,
Puyallup,Edmonds,Kingston,22:25,22:25,22:47,12/29/2025,
Puyallup,Kingston,Edmonds,23:10,23:11,23:32,12/29/2025,
Puyallup,Edmonds,Kingston,23:45,23:46,00:07,12/29/2025,
Puyallup,Kingston,Edmonds,04:45,04:49,05:10,12/30/2025,
Puyallup,Edmonds,Kingston,05:35,05:36,05:56,12/30/2025,
Puyallup,Kingston,Edmonds,06:25,06:27,06:48,12/30/2025,
Puyallup,Edmonds,Kingston,07:10,07:12,07:34,12/30/2025,
Puyallup,Kingston,Edmonds,07:55,07:56,08:18,12/30/2025,
Puyallup,Edmonds,Kingston,08:50,08:52,09:13,12/30/2025,
Puyallup,Kingston,Edmonds,09:35,09:35,09:57,12/30/2025,
Puyallup,Edmonds,Kingston,10:20,10:21,10:43,12/30/2025,
Puyallup,Kingston,Edmonds,11:05,11:07,11:29,12/30/2025,
Puyallup,Edmonds,Kingston,11:55,11:56,12:18,12/30/2025,
Puyallup,Kingston,Edmonds,12:45,12:47,13:10,12/30/2025,
Puyallup,Edmonds,Kingston,13:35,13:40,14:01,12/30/2025,
Puyallup,Kingston,Edmonds,14:30,14:34,14:55,12/30/2025,
Puyallup,Edmonds,Kingston,15:15,15:20,15:42,12/30/2025,
Puyallup,Kingston,Edmonds,16:00,16:04,16:26,12/30/2025,
Puyallup,Edmonds,Kingston,16:45,17:10,17:22,12/30/2025,
Puyallup,Kingston,Edmonds,17:30,17:39,18:00,12/30/2025,
Puyallup,Edmonds,Kingston,18:15,18:21,18:43,12/30/2025,
Puyallup,Kingston,Edmonds,19:00,19:01,19:22,12/30/2025,
Puyallup,Edmonds,Kingston,19:40,19:42,20:05,12/30/2025,
Puyallup,Kingston,Edmonds,20:20,20:23,20:44,12/30/2025,
Puyallup,Edmonds,Kingston,21:05,21:07,21:28,12/30/2025,
Puyallup,Kingston,Edmonds,04:45,04:47,05:10,12/31/2025,
Puyallup,Edmonds,Kingston,05:35,05:36,05:59,12/31/2025,
Puyallup,Kingston,Edmonds,06:25,06:26,06:51,12/31/2025,
Puyallup,Edmonds,Kingston,07:10,07:11,07:34,12/31/2025,
Puyallup,Kingston,Edmonds,07:55,07:57,08:19,12/31/2025,
Puyallup,Edmonds,Kingston,08:50,08:51,09:15,12/31/2025,
Puyallup,Kingston,Edmonds,09:35,09:37,09:59,12/31/2025,
Puyallup,Edmonds,Kingston,10:20,10:21,10:44,12/31/2025,
Puyallup,Kingston,Edmonds,11:05,11:07,11:29,12/31/2025,
Puyallup,Edmonds,Kingston,11:55,11:57,12:20,12/31/2025,
Puyallup,Kingston,Edmonds,12:45,12:47,13:10,12/31/2025,
Puyallup,Edmonds,Kingston,13:35,13:41,14:03,12/31/2025,
Puyallup,Kingston,Edmonds,14:30,14:37,14:59,12/31/2025,
Puyallup,Edmonds,Kingston,15:15,15:40,15:44,12/31/2025,
Puyallup,Kingston,Edmonds,16:00,16:03,16:26,12/31/2025,
Puyallup,Edmonds,Kingston,16:45,16:51,17:16,12/31/2025,
Puyallup,Kingston,Edmonds,17:30,17:36,17:56,12/31/2025,
Puyallup,Edmonds,Kingston,18:15,18:16,18:40,12/31/2025,
Puyallup,Kingston,Edmonds,19:00,19:02,19:22,12/31/2025,
Puyallup,Edmonds,Kingston,19:40,19:43,20:04,12/31/2025,
Puyallup,Kingston,Edmonds,20:20,20:23,20:45,12/31/2025,
Puyallup,Edmonds,Kingston,21:05,21:07,21:32,12/31/2025,
Puyallup,Kingston,Edmonds,07:00,07:09,07:30,01/01/2026,
Puyallup,Edmonds,Kingston,07:55,07:56,08:18,01/01/2026,
Puyallup,Kingston,Edmonds,08:40,08:41,09:03,01/01/2026,
Puyallup,Edmonds,Kingston,09:35,09:40,10:01,01/01/2026,
Puyallup,Kingston,Edmonds,10:20,10:21,10:42,01/01/2026,
Puyallup,Edmonds,Kingston,11:05,11:06,11:27,01/01/2026,
Puyallup,Kingston,Edmonds,11:55,11:56,12:16,01/01/2026,
Puyallup,Edmonds,Kingston,12:40,12:41,13:03,01/01/2026,
Puyallup,Kingston,Edmonds,13:30,13:32,13:52,01/01/2026,
Puyallup,Edmonds,Kingston,14:25,14:27,14:49,01/01/2026,
Puyallup,Kingston,Edmonds,15:10,15:11,15:32,01/01/2026,
Puyallup,Edmonds,Kingston,15:55,15:56,16:17,01/01/2026,
Puyallup,Kingston,Edmonds,16:40,16:58,17:03,01/01/2026,
Puyallup,Edmonds,Kingston,17:25,17:32,17:48,01/01/2026,
Puyallup,Kingston,Edmonds,18:10,18:12,18:34,01/01/2026,
Puyallup,Edmonds,Kingston,19:00,19:01,19:23,01/01/2026,
Puyallup,Kingston,Edmonds,19:45,19:46,20:07,01/01/2026,
Puyallup,Edmonds,Kingston,20:30,20:30,20:53,01/01/2026,
Puyallup,Kingston,Edmonds,21:10,21:10,21:33,01/01/2026,
Puyallup,Edmonds,Kingston,21:50,21:50,22:11,01/01/2026,
Puyallup,Kingston,Edmonds,05:30,05:39,05:58,01/02/2026,
Puyallup,Edmonds,Kingston,06:15,06:16,06:37,01/02/2026,
Puyallup,Kingston,Edmonds,07:00,07:01,07:26,01/02/2026,
Puyallup,Edmonds,Kingston,07:55,07:56,08:19,01/02/2026,
Puyallup,Kingston,Edmonds,08:40,08:41,09:06,01/02/2026,
Puyallup,Edmonds,Kingston,09:35,09:36,09:58,01/02/2026,
Puyallup,Kingston,Edmonds,10:20,10:22,10:46,01/02/2026,
Puyallup,Edmonds,Kingston,11:05,11:08,11:36,01/02/2026,
Puyallup,Kingston,Edmonds,11:55,11:59,12:22,01/02/2026,
Puyallup,Edmonds,Kingston,12:40,12:44,13:05,01/02/2026,
Puyallup,Kingston,Edmonds,13:30,13:32,13:54,01/02/2026,
Puyallup,Edmonds,Kingston,14:25,14:27,14:47,01/02/2026,
Puyallup,Kingston,Edmonds,15:10,15:13,15:36,01/02/2026,
Puyallup,Edmonds,Kingston,15:55,15:59,16:21,01/02/2026,
Puyallup,Kingston,Edmonds,16:40,16:42,17:04,01/02/2026,
Puyallup,Edmonds,Kingston,17:25,17:26,17:48,01/02/2026,
Puyallup,Kingston,Edmonds,18:10,18:11,18:33,01/02/2026,
Puyallup,Edmonds,Kingston,19:00,19:01,19:22,01/02/2026,
Puyallup,Kingston,Edmonds,19:45,19:46,20:09,01/02/2026,
Puyallup,Edmonds,Kingston,20:30,20:31,20:53,01/02/2026,
Puyallup,Kingston,Edmonds,21:10,21:11,21:32,01/02/2026,
Puyallup,Edmonds,Kingston,21:50,21:51,22:12,01/02/2026,
Puyallup,Kingston,Edmonds,22:30,22:31,22:51,01/02/2026,
Puyallup,Edmonds,Kingston,23:10,23:11,23:32,01/02/2026,
Puyallup,Kingston,Edmonds,07:00,07:05,07:26,01/03/2026,
Puyallup,Edmonds,Kingston,07:55,07:56,08:17,01/03/2026,
Puyallup,Kingston,Edmonds,08:40,08:41,09:03,01/03/2026,
Puyallup,Edmonds,Kingston,09:35,09:37,10:01,01/03/2026,
Puyallup,Kingston,Edmonds,10:20,10:21,10:43,01/03/2026,
Puyallup,Edmonds,Kingston,11:05,11:07,11:27,01/03/2026,
Puyallup,Kingston,Edmonds,11:55,11:56,12:17,01/03/2026,
Puyallup,Edmonds,Kingston,12:40,12:41,13:03,01/03/2026,
Puyallup,Kingston,Edmonds,13:30,13:30,13:52,01/03/2026,
Puyallup,Edmonds,Kingston,14:25,14:27,14:47,01/03/2026,
Puyallup,Kingston,Edmonds,15:10,15:14,15:36,01/03/2026,
Puyallup,Edmonds,Kingston,15:55,15:59,16:20,01/03/2026,
Puyallup,Kingston,Edmonds,16:40,16:43,17:04,01/03/2026,
Puyallup,Edmonds,Kingston,17:25,17:26,17:48,01/03/2026,
Puyallup,Kingston,Edmonds,18:10,18:11,18:32,01/03/2026,
Puyallup,Edmonds,Kingston,19:00,19:01,19:23,01/03/2026,
Puyallup,Kingston,Edmonds,19:45,19:46,20:07,01/03/2026,
Puyallup,Edmonds,Kingston,20:30,20:32,20:53,01/03/2026,
Puyallup,Kingston,Edmonds,21:10,21:11,21:33,01/03/2026,
Puyallup,Edmonds,Kingston,21:50,21:51,22:12,01/03/2026,
Puyallup,Kingston,Edmonds,07:00,07:11,07:33,01/04/2026,
Puyallup,Edmonds,Kingston,07:55,07:57,08:21,01/04/2026,
Puyallup,Kingston,Edmonds,08:40,08:43,09:07,01/04/2026,
Puyallup,Edmonds,Kingston,09:35,09:37,10:02,01/04/2026,
Puyallup,Kingston,Edmonds,10:20,10:22,10:47,01/04/2026,
Puyallup,Edmonds,Kingston,11:05,11:07,11:32,01/04/2026,
Puyallup,Kingston,Edmonds,11:55,11:56,12:20,01/04/2026,
Puyallup,Edmonds,Kingston,12:40,12:42,13:07,01/04/2026,
Puyallup,Kingston,Edmonds,13:30,13:32,13:56,01/04/2026,
Puyallup,Edmonds,Kingston,14:25,14:25,14:49,01/04/2026,
Puyallup,Kingston,Edmonds,15:10,15:14,15:35,01/04/2026,
Puyallup,Edmonds,Kingston,15:55,15:55,16:18,01/04/2026,
Puyallup,Kingston,Edmonds,16:40,16:41,17:03,01/04/2026,
Puyallup,Edmonds,Kingston,17:25,17:26,17:47,01/04/2026,
Puyallup,Kingston,Edmonds,18:10,18:11,18:32,01/04/2026,
Puyallup,Edmonds,Kingston,19:00,19:01,19:23,01/04/2026,
Puyallup,Kingston,Edmonds,19:45,19:48,20:09,01/04/2026,
Puyallup,Edmonds,Kingston,20:30,20:31,20:52,01/04/2026,
Puyallup,Kingston,Edmonds,21:10,21:10,21:31,01/04/2026,
Puyallup,Edmonds,Kingston,21:50,21:51,22:12,01/04/2026,
Puyallup,Kingston,Edmonds,22:30,22:30,22:51,01/04/2026,
Puyallup,Edmonds,Kingston,23:10,23:11,23:32,01/04/2026,
Puyallup,Kingston,Edmonds,05:30,05:35,05:57,01/05/2026,
Puyallup,Edmonds,Kingston,06:15,06:16,06:38,01/05/2026,
Puyallup,Kingston,Edmonds,07:00,07:02,07:24,01/05/2026,
Puyallup,Edmonds,Kingston,07:55,07:56,08:18,01/05/2026,
Puyallup,Kingston,Edmonds,08:40,08:41,09:02,01/05/2026,
Puyallup,Edmonds,Kingston,09:35,09:36,09:57,01/05/2026,
Puyallup,Kingston,Edmonds,10:20,10:21,10:42,01/05/2026,
Puyallup,Edmonds,Kingston,11:05,11:05,11:27,01/05/2026,
Puyallup,Kingston,Edmonds,11:55,11:59,12:20,01/05/2026,
Puyallup,Edmonds,Kingston,12:40,12:42,13:03,01/05/2026,
Puyallup,Kingston,Edmonds,13:30,13:31,13:56,01/05/2026,
Puyallup,Edmonds,Kingston,14:25,14:29,14:49,01/05/2026,
Puyallup,Kingston,Edmonds,15:10,15:11,15:32,01/05/2026,
Puyallup,Edmonds,Kingston,15:55,15:56,16:18,01/05/2026,
Puyallup,Kingston,Edmonds,16:40,16:46,17:07,01/05/2026,
Puyallup,Edmonds,Kingston,17:25,17:27,17:49,01/05/2026,
Puyallup,Kingston,Edmonds,18:10,18:11,18:31,01/05/2026,
Puyallup,Edmonds,Kingston,19:00,19:02,19:24,01/05/2026,
Puyallup,Kingston,Edmonds,19:45,19:46,20:06,01/05/2026,
Puyallup,Edmonds,Kingston,20:30,20:32,20:53,01/05/2026,
Puyallup,Kingston,Edmonds,21:40,21:56,22:16,01/05/2026,
Puyallup,Edmonds,Kingston,22:25,22:25,22:47,01/05/2026,
Puyallup,Kingston,Edmonds,23:10,23:11,23:32,01/05/2026,
Puyallup,Edmonds,Kingston,23:45,23:45,00:07,01/05/2026,
Puyallup,Kingston,Edmonds,05:30,05:36,05:57,01/06/2026,
Puyallup,Edmonds,Kingston,06:15,06:17,06:38,01/06/2026,
Puyallup,Kingston,Edmonds,07:00,07:02,07:24,01/06/2026,
Puyallup,Edmonds,Kingston,07:55,07:57,08:20,01/06/2026,
Puyallup,Kingston,Edmonds,08:40,08:41,09:03,01/06/2026,
Puyallup,Edmonds,Kingston,09:35,09:36,09:57,01/06/2026,
Puyallup,Kingston,Edmonds,10:20,10:21,10:42,01/06/2026,
Puyallup,Edmonds,Kingston,11:05,11:06,11:28,01/06/2026,
Puyallup,Kingston,Edmonds,11:55,11:56,12:17,01/06/2026,
Puyallup,Edmonds,Kingston,12:40,12:44,13:07,01/06/2026,
Puyallup,Kingston,Edmonds,13:30,13:31,13:53,01/06/2026,
Puyallup,Edmonds,Kingston,14:25,14:26,14:49,01/06/2026,
Puyallup,Kingston,Edmonds,15:10,15:11,15:33,01/06/2026,
Puyallup,Edmonds,Kingston,15:55,15:59,16:30,01/06/2026,
Puyallup,Kingston,Edmonds,16:40,17:05,17:14,01/06/2026,
Puyallup,Edmonds,Kingston,17:25,17:27,17:48,01/06/2026,
Puyallup,Kingston,Edmonds,18:10,18:11,18:32,01/06/2026,
Puyallup,Edmonds,Kingston,19:00,19:00,19:22,01/06/2026,
Puyallup,Kingston,Edmonds,19:45,19:46,20:07,01/06/2026,
Puyallup,Edmonds,Kingston,20:30,20:30,20:52,01/06/2026,
Puyallup,Kingston,Edmonds,21:40,21:52,22:13,01/06/2026,
Puyallup,Edmonds,Kingston,22:25,22:26,22:47,01/06/2026,
Puyallup,Kingston,Edmonds,23:10,23:11,23:31,01/06/2026,
Puyallup,Edmonds,Kingston,23:45,23:45,00:07,01/06/2026,
Puyallup,Kingston,Edmonds,05:30,05:33,05:54,01/07/2026,
Puyallup,Edmonds,Kingston,06:15,06:17,06:39,01/07/2026,
Puyallup,Kingston,Edmonds,07:00,07:02,07:24,01/07/2026,
Puyallup,Edmonds,Kingston,07:55,07:56,08:17,01/07/2026,
Puyallup,Kingston,Edmonds,08:40,08:42,09:03,01/07/2026,
Puyallup,Edmonds,Kingston,09:35,09:50,09:59,01/07/2026,
Puyallup,Kingston,Edmonds,10:20,10:21,10:42,01/07/2026,
Puyallup,Edmonds,Kingston,11:05,11:07,11:28,01/07/2026,
Puyallup,Kingston,Edmonds,11:55,11:56,12:18,01/07/2026,
Puyallup,Edmonds,Kingston,12:40,12:45,13:06,01/07/2026,
Puyallup,Kingston,Edmonds,13:30,13:31,13:53,01/07/2026,
Puyallup,Edmonds,Kingston,14:25,14:27,14:48,01/07/2026,
Puyallup,Kingston,Edmonds,15:10,15:11,15:32,01/07/2026,
Puyallup,Edmonds,Kingston,15:55,15:56,16:17,01/07/2026,
Puyallup,Kingston,Edmonds,16:40,16:41,17:04,01/07/2026,
Puyallup,Edmonds,Kingston,17:25,17:26,17:49,01/07/2026,
Puyallup,Kingston,Edmonds,18:10,18:11,18:33,01/07/2026,
Puyallup,Edmonds,Kingston,19:00,19:01,19:21,01/07/2026,
Puyallup,Kingston,Edmonds,19:45,19:46,20:09,01/07/2026,
Puyallup,Edmonds,Kingston,20:30,20:31,20:53,01/07/2026,
Puyallup,Kingston,Edmonds,21:40,21:56,22:16,01/07/2026,
Puyallup,Edmonds,Kingston,22:25,22:27,22:48,01/07/2026,
Puyallup,Kingston,Edmonds,23:10,23:10,23:31,01/07/2026,
Puyallup,Edmonds,Kingston,23:45,23:46,00:07,01/07/2026,
Puyallup,Kingston,Edmonds,05:30,05:36,05:58,01/08/2026,
Puyallup,Edmonds,Kingston,06:15,06:16,06:37,01/08/2026,
Puyallup,Kingston,Edmonds,07:00,07:02,07:23,01/08/2026,
Puyallup,Edmonds,Kingston,07:55,07:55,08:17,01/08/2026,
Puyallup,Kingston,Edmonds,08:40,08:41,09:03,01/08/2026,
Puyallup,Edmonds,Kingston,09:35,09:36,09:57,01/08/2026,
Puyallup,Kingston,Edmonds,10:20,10:22,10:42,01/08/2026,
Puyallup,Edmonds,Kingston,11:05,11:06,11:27,01/08/2026,
Puyallup,Kingston,Edmonds,11:55,11:56,12:17,01/08/2026,
Puyallup,Edmonds,Kingston,12:40,12:41,13:03,01/08/2026,
Puyallup,Kingston,Edmonds,13:30,13:31,13:51,01/08/2026,
Puyallup,Edmonds,Kingston,14:25,14:27,14:48,01/08/2026,
Puyallup,Kingston,Edmonds,15:10,15:11,16:02,01/08/2026,
Puyallup,Edmonds,Kingston,15:55,16:13,16:24,01/08/2026,
Puyallup,Kingston,Edmonds,16:40,16:42,17:03,01/08/2026,
Puyallup,Edmonds,Kingston,17:25,17:28,17:48,01/08/2026,
Puyallup,Kingston,Edmonds,18:10,18:10,18:33,01/08/2026,
Puyallup,Edmonds,Kingston,19:00,19:01,19:21,01/08/2026,
Puyallup,Kingston,Edmonds,19:45,19:45,20:08,01/08/2026,
Puyallup,Edmonds,Kingston,20:30,20:33,20:54,01/08/2026,
Puyallup,Kingston,Edmonds,05:30,05:37,05:59,01/09/2026,
Puyallup,Edmonds,Kingston,06:15,06:16,06:38,01/09/2026,
Puyallup,Kingston,Edmonds,07:00,07:01,07:23,01/09/2026,
Puyallup,Edmonds,Kingston,07:55,07:55,08:18,01/09/2026,
Puyallup,Kingston,Edmonds,08:40,08:42,09:04,01/09/2026,
Puyallup,Edmonds,Kingston,09:35,09:36,09:57,01/09/2026,
Puyallup,Kingston,Edmonds,10:20,10:20,10:42,01/09/2026,
Puyallup,Edmonds,Kingston,11:05,11:05,11:27,01/09/2026,
Puyallup,Kingston,Edmonds,11:55,11:56,12:17,01/09/2026,
Puyallup,Edmonds,Kingston,12:40,12:42,13:03,01/09/2026,
Puyallup,Kingston,Edmonds,13:30,13:32,13:53,01/09/2026,
Puyallup,Edmonds,Kingston,14:25,14:26,14:47,01/09/2026,
Puyallup,Kingston,Edmonds,15:10,15:12,15:34,01/09/2026,
Puyallup,Edmonds,Kingston,15:55,16:00,16:22,01/09/2026,
Puyallup,Kingston,Edmonds,16:40,16:42,17:04,01/09/2026,
Puyallup,Edmonds,Kingston,17:25,17:28,17:48,01/09/2026,
Puyallup,Kingston,Edmonds,18:10,18:12,18:34,01/09/2026,
Puyallup,Edmonds,Kingston,19:00,19:01,19:23,01/09/2026,
Puyallup,Kingston,Edmonds,19:45,19:46,20:08,01/09/2026,
Puyallup,Edmonds,Kingston,20:30,20:30,20:50,01/09/2026,
Puyallup,Kingston,Edmonds,21:10,21:11,21:37,01/09/2026,
Puyallup,Edmonds,Kingston,21:50,21:51,22:12,01/09/2026,
Puyallup,Kingston,Edmonds,22:30,22:31,22:52,01/09/2026,
Puyallup,Edmonds,Kingston,23:10,23:11,23:35,01/09/2026,
Puyallup,Kingston,Edmonds,07:00,07:02,07:23,01/10/2026,
Puyallup,Edmonds,Kingston,07:55,07:56,08:17,01/10/2026,
Puyallup,Kingston,Edmonds,08:40,08:43,09:05,01/10/2026,
Puyallup,Edmonds,Kingston,09:35,09:36,09:58,01/10/2026,
Puyallup,Kingston,Edmonds,10:20,10:21,10:42,01/10/2026,
Puyallup,Edmonds,Kingston,11:05,11:07,11:29,01/10/2026,
Puyallup,Kingston,Edmonds,11:55,12:00,12:21,01/10/2026,
Puyallup,Edmonds,Kingston,12:40,12:44,13:08,01/10/2026,
Puyallup,Kingston,Edmonds,13:30,13:33,13:54,01/10/2026,
Puyallup,Edmonds,Kingston,14:25,14:26,14:48,01/10/2026,
Puyallup,Kingston,Edmonds,15:10,15:12,15:33,01/10/2026,
Puyallup,Edmonds,Kingston,15:55,15:56,16:18,01/10/2026,
Puyallup,Kingston,Edmonds,16:40,16:41,17:03,01/10/2026,
Puyallup,Edmonds,Kingston,17:25,17:26,17:47,01/10/2026,
Puyallup,Kingston,Edmonds,18:10,18:12,18:33,01/10/2026,
Puyallup,Edmonds,Kingston,19:00,19:00,19:21,01/10/2026,
Puyallup,Kingston,Edmonds,19:45,19:45,20:08,01/10/2026,
Puyallup,Edmonds,Kingston,20:30,20:31,20:55,01/10/2026,
Puyallup,Kingston,Edmonds,21:10,21:11,21:34,01/10/2026,
Puyallup,Edmonds,Kingston,21:50,21:52,22:13,01/10/2026,
Puyallup,Kingston,Edmonds,07:00,07:09,07:31,01/11/2026,
Puyallup,Edmonds,Kingston,07:55,07:56,08:18,01/11/2026,
Puyallup,Kingston,Edmonds,08:40,08:41,09:04,01/11/2026,
Puyallup,Edmonds,Kingston,09:35,09:36,10:00,01/11/2026,
Puyallup,Kingston,Edmonds,10:20,10:21,10:43,01/11/2026,
Puyallup,Edmonds,Kingston,11:05,11:07,11:29,01/11/2026,
Puyallup,Kingston,Edmonds,11:55,11:56,12:18,01/11/2026,
Puyallup,Edmonds,Kingston,12:40,12:40,13:03,01/11/2026,
Puyallup,Kingston,Edmonds,13:30,13:31,13:53,01/11/2026,
Puyallup,Edmonds,Kingston,14:25,14:26,14:47,01/11/2026,
Puyallup,Kingston,Edmonds,15:10,15:11,15:32,01/11/2026,
Puyallup,Edmonds,Kingston,15:55,15:56,16:17,01/11/2026,
Puyallup,Kingston,Edmonds,16:40,16:41,17:02,01/11/2026,
Puyallup,Edmonds,Kingston,17:25,17:26,17:47,01/11/2026,
Puyallup,Kingston,Edmonds,18:10,18:10,18:32,01/11/2026,
Puyallup,Edmonds,Kingston,19:00,19:01,19:22,01/11/2026,
Puyallup,Kingston,Edmonds,19:45,19:46,20:07,01/11/2026,
Puyallup,Edmonds,Kingston,20:30,20:32,20:53,01/11/2026,
Puyallup,Kingston,Edmonds,21:10,21:11,21:32,01/11/2026,
Puyallup,Edmonds,Kingston,21:50,21:51,22:12,01/11/2026,
Puyallup,Kingston,Edmonds,22:30,22:31,22:52,01/11/2026,
Puyallup,Edmonds,Kingston,23:10,23:11,23:32,01/11/2026,
Puyallup,Kingston,Edmonds,05:30,05:36,05:57,01/12/2026,
Puyallup,Edmonds,Kingston,06:15,06:16,06:38,01/12/2026,
Puyallup,Kingston,Edmonds,07:00,07:01,07:23,01/12/2026,
Puyallup,Edmonds,Kingston,07:55,07:56,08:18,01/12/2026,
Puyallup,Kingston,Edmonds,08:40,08:41,09:03,01/12/2026,
Puyallup,Edmonds,Kingston,09:35,09:35,09:58,01/12/2026,
Puyallup,Kingston,Edmonds,10:20,10:21,10:43,01/12/2026,
Puyallup,Edmonds,Kingston,11:05,11:06,11:28,01/12/2026,
Puyallup,Kingston,Edmonds,11:55,11:57,12:18,01/12/2026,
Puyallup,Edmonds,Kingston,12:40,12:41,13:03,01/12/2026,
Puyallup,Kingston,Edmonds,13:30,13:32,13:54,01/12/2026,
Puyallup,Edmonds,Kingston,14:25,14:26,14:47,01/12/2026,
Puyallup,Kingston,Edmonds,15:10,15:10,15:33,01/12/2026,
Puyallup,Edmonds,Kingston,15:55,15:56,16:18,01/12/2026,
Puyallup,Kingston,Edmonds,16:40,16:41,17:02,01/12/2026,
Puyallup,Edmonds,Kingston,17:25,17:27,17:49,01/12/2026,
Puyallup,Kingston,Edmonds,18:10,18:12,18:34,01/12/2026,
Puyallup,Edmonds,Kingston,19:00,19:01,19:22,01/12/2026,
Puyallup,Kingston,Edmonds,19:45,19:45,20:07,01/12/2026,
Puyallup,Edmonds,Kingston,20:30,20:32,20:56,01/12/2026,
Puyallup,Kingston,Edmonds,05:30,05:34,05:55,01/13/2026,
Puyallup,Edmonds,Kingston,06:15,06:16,06:37,01/13/2026,
Puyallup,Kingston,Edmonds,07:00,07:00,07:23,01/13/2026,
Puyallup,Edmonds,Kingston,07:55,07:55,08:16,01/13/2026,
Puyallup,Kingston,Edmonds,08:40,08:41,09:03,01/13/2026,
Puyallup,Edmonds,Kingston,09:35,09:36,09:57,01/13/2026,
Puyallup,Kingston,Edmonds,10:20,10:21,10:43,01/13/2026,
Puyallup,Edmonds,Kingston,11:05,11:07,11:28,01/13/2026,
Puyallup,Kingston,Edmonds,11:55,11:55,12:22,01/13/2026,
Puyallup,Edmonds,Kingston,12:40,12:42,13:02,01/13/2026,
Puyallup,Kingston,Edmonds,13:30,13:33,13:55,01/13/2026,
Puyallup,Edmonds,Kingston,14:25,14:26,14:53,01/13/2026,
Puyallup,Kingston,Edmonds,15:10,15:17,15:40,01/13/2026,
Puyallup,Edmonds,Kingston,15:55,16:30,16:37,01/13/2026,
Puyallup,Kingston,Edmonds,16:40,16:48,17:03,01/13/2026,
Puyallup,Edmonds,Kingston,17:25,17:26,17:48,01/13/2026,
Puyallup,Kingston,Edmonds,18:10,18:11,18:35,01/13/2026,
Puyallup,Edmonds,Kingston,19:00,19:01,19:21,01/13/2026,
Puyallup,Kingston,Edmonds,19:45,19:46,20:08,01/13/2026,
Puyallup,Edmonds,Kingston,20:30,20:32,20:53,01/13/2026,
Puyallup,Kingston,Edmonds,05:30,05:41,06:02,01/14/2026,
Puyallup,Edmonds,Kingston,06:15,06:16,06:38,01/14/2026,
Puyallup,Kingston,Edmonds,07:00,07:02,07:25,01/14/2026,
Puyallup,Edmonds,Kingston,07:55,07:57,08:21,01/14/2026,
Puyallup,Kingston,Edmonds,08:40,09:00,09:10,01/14/2026,
Puyallup,Edmonds,Kingston,09:35,09:37,09:59,01/14/2026,
Puyallup,Kingston,Edmonds,10:20,10:23,10:44,01/14/2026,
Puyallup,Edmonds,Kingston,11:05,11:06,11:28,01/14/2026,
Puyallup,Kingston,Edmonds,11:55,11:56,12:17,01/14/2026,
Puyallup,Edmonds,Kingston,12:40,12:40,13:01,01/14/2026,
Puyallup,Kingston,Edmonds,13:30,13:31,13:52,01/14/2026,
Puyallup,Edmonds,Kingston,14:25,14:27,14:48,01/14/2026,
Puyallup,Kingston,Edmonds,15:10,15:10,15:32,01/14/2026,
Puyallup,Edmonds,Kingston,15:55,15:56,16:18,01/14/2026,
Puyallup,Kingston,Edmonds,16:40,16:41,17:03,01/14/2026,
Puyallup,Edmonds,Kingston,17:25,17:26,17:49,01/14/2026,
Puyallup,Kingston,Edmonds,18:10,18:12,18:34,01/14/2026,
Puyallup,Edmonds,Kingston,19:00,19:01,19:24,01/14/2026,
Puyallup,Kingston,Edmonds,19:45,19:46,20:10,01/14/2026,
Puyallup,Edmonds,Kingston,20:30,20:31,20:53,01/14/2026,
Puyallup,Kingston,Edmonds,21:40,22:00,22:22,01/14/2026,
Puyallup,Edmonds,Kingston,22:25,22:31,22:53,01/14/2026,
Puyallup,Kingston,Edmonds,23:10,23:11,23:32,01/14/2026,
Puyallup,Edmonds,Kingston,23:45,23:46,00:07,01/14/2026,
Puyallup,Kingston,Edmonds,05:30,05:37,05:59,01/15/2026,
Puyallup,Edmonds,Kingston,06:15,06:17,06:39,01/15/2026,
Puyallup,Kingston,Edmonds,07:00,07:01,07:22,01/15/2026,
Puyallup,Edmonds,Kingston,07:55,07:56,08:17,01/15/2026,
Puyallup,Kingston,Edmonds,08:40,08:41,09:04,01/15/2026,
Puyallup,Edmonds,Kingston,09:35,09:36,09:57,01/15/2026,
Puyallup,Kingston,Edmonds,10:20,10:22,10:43,01/15/2026,
Puyallup,Edmonds,Kingston,11:05,11:06,11:27,01/15/2026,
Puyallup,Kingston,Edmonds,11:55,11:56,12:16,01/15/2026,
Puyallup,Edmonds,Kingston,12:40,12:41,13:02,01/15/2026,
Puyallup,Kingston,Edmonds,13:30,13:30,13:51,01/15/2026,
Puyallup,Edmonds,Kingston,14:25,14:25,14:47,01/15/2026,
Puyallup,Kingston,Edmonds,15:10,15:12,15:34,01/15/2026,
Puyallup,Edmonds,Kingston,15:55,16:26,16:37,01/15/2026,
Puyallup,Kingston,Edmonds,16:40,16:48,17:03,01/15/2026,
Puyallup,Edmonds,Kingston,17:25,17:26,17:47,01/15/2026,
Puyallup,Kingston,Edmonds,18:10,18:11,18:32,01/15/2026,
Puyallup,Edmonds,Kingston,19:00,19:03,19:22,01/15/2026,
Puyallup,Kingston,Edmonds,19:45,19:46,20:08,01/15/2026,
Puyallup,Edmonds,Kingston,20:30,20:30,20:51,01/15/2026,
Puyallup,Kingston,Edmonds,05:30,05:37,05:59,01/16/2026,
Puyallup,Edmonds,Kingston,06:15,06:15,06:38,01/16/2026,
Puyallup,Kingston,Edmonds,07:00,07:02,07:23,01/16/2026,
Puyallup,Edmonds,Kingston,07:55,07:56,08:17,01/16/2026,
Puyallup,Kingston,Edmonds,08:40,08:42,09:03,01/16/2026,
Puyallup,Edmonds,Kingston,09:35,09:36,09:57,01/16/2026,
Puyallup,Kingston,Edmonds,10:20,10:22,10:43,01/16/2026,
Puyallup,Edmonds,Kingston,11:05,11:06,11:27,01/16/2026,
Puyallup,Kingston,Edmonds,11:55,11:57,12:18,01/16/2026,
Puyallup,Edmonds,Kingston,12:40,12:40,13:02,01/16/2026,
Puyallup,Kingston,Edmonds,13:30,13:31,13:53,01/16/2026,
Puyallup,Edmonds,Kingston,14:25,14:32,14:53,01/16/2026,
Puyallup,Kingston,Edmonds,15:10,15:14,15:36,01/16/2026,
Puyallup,Edmonds,Kingston,15:55,16:05,16:27,01/16/2026,
Puyallup,Kingston,Edmonds,16:40,16:49,17:11,01/16/2026,
Puyallup,Edmonds,Kingston,17:25,17:39,17:59,01/16/2026,
Puyallup,Kingston,Edmonds,18:10,18:18,18:40,01/16/2026,
Puyallup,Edmonds,Kingston,19:00,19:01,19:22,01/16/2026,
Puyallup,Kingston,Edmonds,19:45,19:48,20:09,01/16/2026,
Puyallup,Edmonds,Kingston,20:30,20:31,20:51,01/16/2026,
Puyallup,Kingston,Edmonds,21:10,21:11,21:34,01/16/2026,
Puyallup,Edmonds,Kingston,21:50,21:51,22:14,01/16/2026,
Puyallup,Kingston,Edmonds,22:30,22:31,22:53,01/16/2026,
Puyallup,Edmonds,Kingston,23:10,23:11,23:33,01/16/2026,
Puyallup,Kingston,Edmonds,07:00,07:01,07:22,01/17/2026,
Puyallup,Edmonds,Kingston,07:55,07:56,08:17,01/17/2026,
Puyallup,Kingston,Edmonds,08:40,08:41,09:04,01/17/2026,
Puyallup,Edmonds,Kingston,09:35,09:36,09:57,01/17/2026,
Puyallup,Kingston,Edmonds,10:20,10:21,10:43,01/17/2026,
Puyallup,Edmonds,Kingston,11:05,11:08,11:28,01/17/2026,
Puyallup,Kingston,Edmonds,11:55,11:57,12:18,01/17/2026,
Puyallup,Edmonds,Kingston,12:40,12:44,13:04,01/17/2026,
Puyallup,Kingston,Edmonds,13:30,13:32,13:53,01/17/2026,
Puyallup,Edmonds,Kingston,14:25,14:27,14:47,01/17/2026,
Puyallup,Kingston,Edmonds,15:10,15:15,15:37,01/17/2026,
Puyallup,Edmonds,Kingston,15:55,16:04,16:25,01/17/2026,
Puyallup,Kingston,Edmonds,16:40,16:47,17:08,01/17/2026,
Puyallup,Edmonds,Kingston,17:25,17:30,17:51,01/17/2026,
Puyallup,Kingston,Edmonds,18:10,18:11,18:32,01/17/2026,
Puyallup,Edmonds,Kingston,19:00,19:01,19:23,01/17/2026,
Puyallup,Kingston,Edmonds,19:45,19:46,20:07,01/17/2026,
Puyallup,Edmonds,Kingston,20:30,20:31,20:52,01/17/2026,
Puyallup,Kingston,Edmonds,21:10,21:13,21:34,01/17/2026,
Puyallup,Edmonds,Kingston,21:50,21:50,22:12,01/17/2026,
Puyallup,Kingston,Edmonds,07:00,07:11,07:33,01/18/2026,
Puyallup,Edmonds,Kingston,07:55,07:56,08:18,01/18/2026,
Puyallup,Kingston,Edmonds,08:40,08:41,09:03,01/18/2026,
Puyallup,Edmonds,Kingston,09:35,09:36,09:57,01/18/2026,
Puyallup,Kingston,Edmonds,10:20,10:22,10:43,01/18/2026,
Puyallup,Edmonds,Kingston,11:05,11:09,11:30,01/18/2026,
Puyallup,Kingston,Edmonds,11:55,11:56,12:18,01/18/2026,
Puyallup,Edmonds,Kingston,12:40,12:42,13:03,01/18/2026,
Puyallup,Kingston,Edmonds,13:30,13:31,13:52,01/18/2026,
Puyallup,Edmonds,Kingston,14:25,14:27,14:47,01/18/2026,
Puyallup,Kingston,Edmonds,15:10,15:13,15:34,01/18/2026,
Puyallup,Edmonds,Kingston,15:55,15:55,16:17,01/18/2026,
Puyallup,Kingston,Edmonds,16:40,16:41,17:03,01/18/2026,
Puyallup,Edmonds,Kingston,17:25,17:28,17:49,01/18/2026,
Puyallup,Kingston,Edmonds,18:10,18:12,18:33,01/18/2026,
Puyallup,Edmonds,Kingston,19:00,19:01,19:22,01/18/2026,
Puyallup,Kingston,Edmonds,19:45,19:46,20:08,01/18/2026,
Puyallup,Edmonds,Kingston,20:30,20:30,20:51,01/18/2026,
Puyallup,Kingston,Edmonds,21:10,21:11,21:32,01/18/2026,
Puyallup,Edmonds,Kingston,21:50,21:51,22:12,01/18/2026,
Puyallup,Kingston,Edmonds,22:30,22:32,22:53,01/18/2026,
Puyallup,Edmonds,Kingston,23:10,23:10,23:31,01/18/2026,
Puyallup,Kingston,Edmonds,05:30,05:35,05:58,01/19/2026,
Puyallup,Edmonds,Kingston,06:15,06:16,06:39,01/19/2026,
Puyallup,Kingston,Edmonds,07:00,07:00,07:24,01/19/2026,
Puyallup,Edmonds,Kingston,07:55,07:56,08:19,01/19/2026,
Puyallup,Kingston,Edmonds,08:40,08:42,09:19,01/19/2026,
Puyallup,Edmonds,Kingston,09:35,09:42,10:03,01/19/2026,
Puyallup,Kingston,Edmonds,10:20,10:22,10:48,01/19/2026,
Puyallup,Edmonds,Kingston,11:05,11:08,11:28,01/19/2026,
Puyallup,Kingston,Edmonds,11:55,11:56,12:17,01/19/2026,
Puyallup,Edmonds,Kingston,12:40,12:42,13:02,01/19/2026,
Puyallup,Kingston,Edmonds,13:30,13:33,13:55,01/19/2026,
Puyallup,Edmonds,Kingston,14:25,14:27,14:48,01/19/2026,
Puyallup,Kingston,Edmonds,15:10,15:12,15:33,01/19/2026,
Puyallup,Edmonds,Kingston,15:55,15:56,16:18,01/19/2026,
Puyallup,Kingston,Edmonds,16:40,16:40,17:02,01/19/2026,
Puyallup,Edmonds,Kingston,17:25,17:28,17:48,01/19/2026,
Puyallup,Kingston,Edmonds,18:10,18:13,18:34,01/19/2026,
Puyallup,Edmonds,Kingston,19:00,19:02,19:23,01/19/2026,
Puyallup,Kingston,Edmonds,19:45,19:45,20:06,01/19/2026,
Puyallup,Edmonds,Kingston,20:30,20:31,20:52,01/19/2026,
Puyallup,Kingston,Edmonds,05:30,05:39,06:01,01/20/2026,
Puyallup,Edmonds,Kingston,06:15,06:18,06:39,01/20/2026,
Puyallup,Kingston,Edmonds,07:00,07:03,07:24,01/20/2026,
Puyallup,Edmonds,Kingston,07:55,07:56,08:17,01/20/2026,
Puyallup,Kingston,Edmonds,08:40,08:41,09:02,01/20/2026,
Puyallup,Edmonds,Kingston,09:35,09:35,09:56,01/20/2026,
Puyallup,Kingston,Edmonds,10:20,10:21,10:41,01/20/2026,
Puyallup,Edmonds,Kingston,11:05,11:06,11:26,01/20/2026,
Puyallup,Kingston,Edmonds,11:55,11:56,12:17,01/20/2026,
Puyallup,Edmonds,Kingston,12:40,12:43,13:04,01/20/2026,
Puyallup,Kingston,Edmonds,13:30,13:30,13:52,01/20/2026,
Puyallup,Edmonds,Kingston,14:25,14:26,14:47,01/20/2026,
Puyallup,Kingston,Edmonds,15:10,15:11,15:33,01/20/2026,
Puyallup,Edmonds,Kingston,15:55,16:11,16:23,01/20/2026,
Puyallup,Kingston,Edmonds,16:40,16:41,17:02,01/20/2026,
Puyallup,Edmonds,Kingston,17:25,17:25,17:48,01/20/2026,
Puyallup,Kingston,Edmonds,18:10,18:11,18:32,01/20/2026,
Puyallup,Edmonds,Kingston,19:00,19:01,19:25,01/20/2026,
Puyallup,Kingston,Edmonds,19:45,19:47,20:07,01/20/2026,
Puyallup,Edmonds,Kingston,20:30,20:31,20:52,01/20/2026,
Puyallup,Kingston,Edmonds,05:30,05:36,05:58,01/21/2026,
Puyallup,Edmonds,Kingston,06:15,06:15,06:37,01/21/2026,
Puyallup,Kingston,Edmonds,07:00,07:00,07:21,01/21/2026,
Puyallup,Edmonds,Kingston,07:55,07:57,08:17,01/21/2026,
Puyallup,Kingston,Edmonds,08:40,08:41,09:02,01/21/2026,
Puyallup,Edmonds,Kingston,09:35,09:46,09:57,01/21/2026,
Puyallup,Kingston,Edmonds,10:20,10:32,10:42,01/21/2026,
Puyallup,Edmonds,Kingston,11:05,11:08,11:28,01/21/2026,
Puyallup,Kingston,Edmonds,11:55,11:57,12:18,01/21/2026,
Puyallup,Edmonds,Kingston,12:40,12:41,13:02,01/21/2026,
Puyallup,Kingston,Edmonds,13:30,13:31,13:52,01/21/2026,
Puyallup,Edmonds,Kingston,14:25,14:27,14:48,01/21/2026,
Puyallup,Kingston,Edmonds,15:10,15:12,15:34,01/21/2026,
Puyallup,Edmonds,Kingston,15:55,15:57,16:18,01/21/2026,
Puyallup,Kingston,Edmonds,16:40,16:41,17:03,01/21/2026,
Puyallup,Edmonds,Kingston,17:25,17:27,17:48,01/21/2026,
Puyallup,Kingston,Edmonds,18:10,18:10,18:32,01/21/2026,
Puyallup,Edmonds,Kingston,19:00,19:02,19:29,01/21/2026,
Puyallup,Kingston,Edmonds,19:45,19:46,20:09,01/21/2026,
Puyallup,Edmonds,Kingston,20:30,20:31,20:52,01/21/2026,
Puyallup,Kingston,Edmonds,05:30,05:38,05:59,01/22/2026,
Puyallup,Edmonds,Kingston,06:15,06:16,06:37,01/22/2026,
Puyallup,Kingston,Edmonds,07:00,07:02,07:23,01/22/2026,
Puyallup,Edmonds,Kingston,07:55,07:56,08:17,01/22/2026,
Puyallup,Kingston,Edmonds,08:40,08:41,09:02,01/22/2026,
Puyallup,Edmonds,Kingston,09:35,09:36,09:57,01/22/2026,
Puyallup,Kingston,Edmonds,10:20,10:22,10:43,01/22/2026,
Puyallup,Edmonds,Kingston,11:05,11:06,11:28,01/22/2026,
Puyallup,Kingston,Edmonds,11:55,11:57,12:17,01/22/2026,
Puyallup,Edmonds,Kingston,12:40,12:42,13:03,01/22/2026,
Puyallup,Kingston,Edmonds,13:30,13:31,13:52,01/22/2026,
Puyallup,Edmonds,Kingston,14:25,14:27,14:48,01/22/2026,
Puyallup,Kingston,Edmonds,15:10,15:12,15:35,01/22/2026,
Puyallup,Edmonds,Kingston,15:55,16:25,16:32,01/22/2026,
Puyallup,Kingston,Edmonds,16:40,16:42,17:02,01/22/2026,
Puyallup,Edmonds,Kingston,17:25,17:26,17:48,01/22/2026,
Puyallup,Kingston,Edmonds,18:10,18:11,18:33,01/22/2026,
Puyallup,Edmonds,Kingston,19:00,19:01,19:22,01/22/2026,
Puyallup,Kingston,Edmonds,19:45,19:47,20:08,01/22/2026,
Puyallup,Edmonds,Kingston,20:30,20:30,20:53,01/22/2026,
Puyallup,Kingston,Edmonds,21:40,21:55,22:16,01/22/2026,
Puyallup,Edmonds,Kingston,22:25,22:26,22:48,01/22/2026,
Puyallup,Kingston,Edmonds,23:10,23:10,23:31,01/22/2026,
Puyallup,Edmonds,Kingston,23:45,23:47,00:08,01/22/2026,
Puyallup,Kingston,Edmonds,05:30,05:34,05:56,01/23/2026,
Puyallup,Edmonds,Kingston,06:15,06:16,06:37,01/23/2026,
Puyallup,Kingston,Edmonds,07:00,07:01,07:22,01/23/2026,
Puyallup,Edmonds,Kingston,07:55,07:56,08:17,01/23/2026,
Puyallup,Kingston,Edmonds,08:40,08:42,09:02,01/23/2026,
Puyallup,Edmonds,Kingston,09:35,09:36,09:56,01/23/2026,
Puyallup,Kingston,Edmonds,10:20,10:21,10:42,01/23/2026,
Puyallup,Edmonds,Kingston,11:05,11:06,11:27,01/23/2026,
Puyallup,Kingston,Edmonds,11:55,11:57,12:18,01/23/2026,
Puyallup,Edmonds,Kingston,12:40,12:40,13:02,01/23/2026,
Puyallup,Kingston,Edmonds,13:30,13:31,13:52,01/23/2026,
Puyallup,Edmonds,Kingston,14:25,14:26,14:46,01/23/2026,
Puyallup,Kingston,Edmonds,15:10,15:11,15:32,01/23/2026,
Puyallup,Edmonds,Kingston,15:55,15:57,16:19,01/23/2026,
Puyallup,Kingston,Edmonds,16:40,16:43,17:04,01/23/2026,
Puyallup,Edmonds,Kingston,17:25,17:29,17:50,01/23/2026,
Puyallup,Kingston,Edmonds,18:10,18:11,18:32,01/23/2026,
Puyallup,Edmonds,Kingston,19:00,19:01,19:22,01/23/2026,
Puyallup,Kingston,Edmonds,19:45,19:45,20:08,01/23/2026,
Puyallup,Edmonds,Kingston,20:30,20:30,20:51,01/23/2026,
Puyallup,Kingston,Edmonds,21:10,21:11,21:32,01/23/2026,
Puyallup,Edmonds,Kingston,21:50,21:53,22:16,01/23/2026,
Puyallup,Kingston,Edmonds,22:30,22:30,22:52,01/23/2026,
Puyallup,Edmonds,Kingston,23:10,23:11,23:33,01/23/2026,
Puyallup,Kingston,Edmonds,07:00,07:02,07:24,01/24/2026,
Puyallup,Edmonds,Kingston,07:55,07:56,08:18,01/24/2026,
Puyallup,Kingston,Edmonds,08:40,08:41,09:03,01/24/2026,
Puyallup,Edmonds,Kingston,09:35,09:40,10:03,01/24/2026,
Puyallup,Kingston,Edmonds,10:20,10:28,10:49,01/24/2026,
Puyallup,Edmonds,Kingston,11:05,11:13,11:33,01/24/2026,
Puyallup,Kingston,Edmonds,11:55,11:57,12:19,01/24/2026,
Puyallup,Edmonds,Kingston,12:40,12:43,13:08,01/24/2026,
Puyallup,Kingston,Edmonds,13:30,13:41,14:02,01/24/2026,
Puyallup,Edmonds,Kingston,14:25,14:26,14:47,01/24/2026,
Puyallup,Kingston,Edmonds,15:10,15:15,15:37,01/24/2026,
Puyallup,Edmonds,Kingston,15:55,16:08,16:29,01/24/2026,
Puyallup,Kingston,Edmonds,16:40,16:54,17:16,01/24/2026,
Puyallup,Edmonds,Kingston,17:25,17:37,17:58,01/24/2026,
Puyallup,Kingston,Edmonds,18:10,18:24,18:44,01/24/2026,
Puyallup,Edmonds,Kingston,19:00,19:03,19:24,01/24/2026,
Puyallup,Kingston,Edmonds,19:45,19:45,20:07,01/24/2026,
Puyallup,Edmonds,Kingston,20:30,20:32,20:53,01/24/2026,
Puyallup,Kingston,Edmonds,21:10,21:11,21:31,01/24/2026,
Puyallup,Edmonds,Kingston,21:50,21:50,22:11,01/24/2026,
Puyallup,Kingston,Edmonds,07:00,07:12,07:34,01/25/2026,
Puyallup,Edmonds,,07:55,07:56,00:00,01/25/2026,
Puyallup,Kingston,,08:40,08:42,00:00,01/25/2026,
Puyallup,Kingston,Edmonds,21:40,21:35,22:02,01/25/2026,
Puyallup,Edmonds,Kingston,22:25,22:26,22:48,01/25/2026,
Puyallup,Kingston,Edmonds,23:10,23:13,23:34,01/25/2026,
Puyallup,Edmonds,Kingston,23:45,23:46,00:07,01/25/2026,
Puyallup,Kingston,Edmonds,05:30,05:40,06:03,01/26/2026,
Puyallup,Edmonds,Kingston,06:15,06:17,06:38,01/26/2026,
Puyallup,Kingston,Edmonds,07:00,07:02,07:24,01/26/2026,
Puyallup,Edmonds,Kingston,07:55,07:57,08:17,01/26/2026,
Puyallup,Kingston,Edmonds,08:40,08:41,09:03,01/26/2026,
Puyallup,Edmonds,Kingston,09:35,09:36,09:57,01/26/2026,
Puyallup,Kingston,Edmonds,10:20,10:21,10:43,01/26/2026,
Puyallup,Edmonds,Kingston,11:05,11:06,11:28,01/26/2026,
Puyallup,Kingston,Edmonds,11:55,11:57,12:18,01/26/2026,
Puyallup,Edmonds,Kingston,12:40,12:41,13:02,01/26/2026,
Puyallup,Kingston,Edmonds,13:30,13:32,13:54,01/26/2026,
Puyallup,Edmonds,Kingston,14:25,14:27,14:48,01/26/2026,
Puyallup,Kingston,Edmonds,15:10,15:11,15:35,01/26/2026,
Puyallup,Edmonds,Kingston,15:55,15:56,16:17,01/26/2026,
Puyallup,Kingston,Edmonds,16:40,16:41,17:02,01/26/2026,
Puyallup,Edmonds,Kingston,17:25,17:27,17:48,01/26/2026,
Puyallup,Kingston,Edmonds,18:10,18:10,18:32,01/26/2026,
Puyallup,Edmonds,Kingston,19:00,19:00,19:23,01/26/2026,
Puyallup,Kingston,Edmonds,19:45,19:45,20:06,01/26/2026,
Puyallup,Edmonds,Kingston,20:30,20:32,20:52,01/26/2026,
Puyallup,Kingston,Edmonds,05:30,05:37,05:59,01/27/2026,
Puyallup,Edmonds,Kingston,06:15,06:16,06:38,01/27/2026,
Puyallup,Kingston,Edmonds,07:00,07:02,07:22,01/27/2026,
Puyallup,Edmonds,Kingston,07:55,07:56,08:17,01/27/2026,
Puyallup,Kingston,Edmonds,08:40,08:41,09:03,01/27/2026,
Puyallup,Edmonds,Kingston,09:35,09:36,09:58,01/27/2026,
Puyallup,Kingston,Edmonds,10:20,10:20,10:40,01/27/2026,
Puyallup,Edmonds,Kingston,11:05,11:07,11:28,01/27/2026,
Puyallup,Kingston,Edmonds,11:55,11:56,12:16,01/27/2026,
Puyallup,Edmonds,Kingston,12:40,12:41,13:03,01/27/2026,
Puyallup,Kingston,Edmonds,13:30,13:32,13:53,01/27/2026,
Puyallup,Edmonds,Kingston,14:25,14:26,14:48,01/27/2026,
Puyallup,Kingston,Edmonds,15:10,15:11,15:31,01/27/2026,
Puyallup,Edmonds,Kingston,15:55,16:08,16:17,01/27/2026,
Puyallup,Kingston,Edmonds,16:40,16:41,17:03,01/27/2026,
Puyallup,Edmonds,Kingston,17:25,17:26,17:47,01/27/2026,
Puyallup,Kingston,Edmonds,18:10,18:11,18:32,01/27/2026,
Puyallup,Edmonds,Kingston,19:00,19:02,19:23,01/27/2026,
Puyallup,Kingston,Edmonds,19:45,19:45,20:06,01/27/2026,
Puyallup,Edmonds,Kingston,20:30,20:31,20:52,01/27/2026,
Puyallup,Kingston,Edmonds,21:40,21:56,22:16,01/27/2026,
Puyallup,Edmonds,Kingston,22:25,22:26,22:47,01/27/2026,
Puyallup,Kingston,Edmonds,23:10,23:11,23:31,01/27/2026,
Puyallup,Edmonds,Kingston,23:45,23:45,00:07,01/27/2026,
Puyallup,Kingston,Edmonds,04:45,04:47,05:09,01/28/2026,
Puyallup,Edmonds,Kingston,05:35,05:36,05:58,01/28/2026,
Puyallup,Kingston,Edmonds,06:25,06:25,06:47,01/28/2026,
Puyallup,Edmonds,Kingston,07:10,07:11,07:33,01/28/2026,
Puyallup,Kingston,Edmonds,07:55,07:57,08:18,01/28/2026,
Puyallup,Edmonds,Kingston,08:50,08:51,09:13,01/28/2026,
Puyallup,Kingston,Edmonds,09:35,09:36,10:06,01/28/2026,
Puyallup,Edmonds,Kingston,10:20,10:22,10:44,01/28/2026,
Puyallup,Kingston,Edmonds,11:05,11:06,11:27,01/28/2026,
Puyallup,Edmonds,Kingston,11:55,11:56,12:19,01/28/2026,
Puyallup,Kingston,Edmonds,12:45,12:46,13:09,01/28/2026,
Puyallup,Edmonds,Kingston,13:35,13:37,13:58,01/28/2026,
Puyallup,Kingston,Edmonds,14:30,14:31,14:52,01/28/2026,
Puyallup,Edmonds,Kingston,15:15,15:16,15:37,01/28/2026,
Puyallup,Kingston,Edmonds,16:00,16:01,16:21,01/28/2026,
Puyallup,Edmonds,Kingston,16:45,16:46,17:09,01/28/2026,
Puyallup,Kingston,Edmonds,17:30,17:32,17:54,01/28/2026,
Puyallup,Edmonds,Kingston,18:15,18:16,18:37,01/28/2026,
Puyallup,Kingston,Edmonds,19:00,19:01,19:21,01/28/2026,
Puyallup,Edmonds,Kingston,19:40,19:41,20:03,01/28/2026,
Puyallup,Kingston,Edmonds,20:20,20:22,20:43,01/28/2026,
Puyallup,Edmonds,Kingston,21:05,21:07,21:29,01/28/2026,
Puyallup,Kingston,Edmonds,21:40,21:41,22:03,01/28/2026,
Puyallup,Edmonds,Kingston,22:25,22:27,22:48,01/28/2026,
Puyallup,Kingston,Edmonds,23:10,23:11,23:32,01/28/2026,
Puyallup,Edmonds,Kingston,23:45,23:47,00:08,01/28/2026,
Puyallup,Kingston,Edmonds,04:45,04:47,05:10,01/29/2026,
Puyallup,Edmonds,Kingston,05:35,05:35,05:58,01/29/2026,
Puyallup,Kingston,Edmonds,06:25,06:27,06:50,01/29/2026,
Puyallup,Edmonds,Kingston,07:10,07:11,07:33,01/29/2026,
Puyallup,Kingston,Edmonds,07:55,07:56,08:19,01/29/2026,
Puyallup,Edmonds,Kingston,08:50,08:53,09:14,01/29/2026,
Puyallup,Kingston,Edmonds,09:35,09:36,09:57,01/29/2026,
Puyallup,Edmonds,Kingston,10:20,10:21,10:42,01/29/2026,
Puyallup,Kingston,Edmonds,11:05,11:07,11:28,01/29/2026,
Puyallup,Edmonds,Kingston,11:55,11:56,12:18,01/29/2026,
Puyallup,Kingston,Edmonds,12:45,12:47,13:08,01/29/2026,
Puyallup,Edmonds,Kingston,13:35,13:36,13:57,01/29/2026,
Puyallup,Kingston,Edmonds,14:30,14:30,14:52,01/29/2026,
Puyallup,Edmonds,Kingston,15:15,15:18,15:40,01/29/2026,
Puyallup,Kingston,Edmonds,16:00,16:07,16:22,01/29/2026,
Puyallup,Edmonds,Kingston,16:45,16:46,17:08,01/29/2026,
Puyallup,Kingston,Edmonds,17:30,17:30,17:54,01/29/2026,
Puyallup,Edmonds,Kingston,18:15,18:17,18:38,01/29/2026,
Puyallup,Kingston,Edmonds,19:00,19:00,19:21,01/29/2026,
Puyallup,Edmonds,Kingston,19:40,19:42,20:04,01/29/2026,
Puyallup,Kingston,Edmonds,20:20,20:20,20:43,01/29/2026,
Puyallup,Edmonds,Kingston,21:05,21:06,21:27,01/29/2026,
Puyallup,Kingston,Edmonds,21:40,21:41,22:03,01/29/2026,
Puyallup,Edmonds,Kingston,22:25,22:26,22:46,01/29/2026,
Puyallup,Kingston,Edmonds,23:10,23:10,23:31,01/29/2026,
Puyallup,Edmonds,Kingston,23:45,23:45,00:06,01/29/2026,
Puyallup,Kingston,Edmonds,04:45,04:46,05:08,01/30/2026,
Puyallup,Edmonds,Kingston,05:35,05:36,05:58,01/30/2026,
Puyallup,Kingston,Edmonds,06:25,06:27,06:48,01/30/2026,
Puyallup,Edmonds,Kingston,07:10,07:11,07:32,01/30/2026,
Puyallup,Kingston,Edmonds,07:55,07:56,08:16,01/30/2026,
Puyallup,Edmonds,Kingston,08:50,08:52,09:13,01/30/2026,
Puyallup,Kingston,Edmonds,09:35,09:36,09:58,01/30/2026,
Puyallup,Edmonds,Kingston,10:20,10:21,10:42,01/30/2026,
Puyallup,Kingston,Edmonds,11:05,11:07,11:27,01/30/2026,
Puyallup,Edmonds,Kingston,11:55,11:56,12:19,01/30/2026,
Puyallup,Kingston,Edmonds,12:45,12:46,13:08,01/30/2026,
Puyallup,Edmonds,Kingston,13:35,13:37,13:58,01/30/2026,
Puyallup,Kingston,Edmonds,14:30,14:31,14:53,01/30/2026,
Puyallup,Edmonds,Kingston,15:15,15:16,15:39,01/30/2026,
Puyallup,Kingston,Edmonds,16:00,16:01,16:22,01/30/2026,
Puyallup,Edmonds,Kingston,16:45,16:47,17:10,01/30/2026,
Puyallup,Kingston,Edmonds,17:30,17:31,17:51,01/30/2026,
Puyallup,Edmonds,Kingston,18:15,18:16,18:37,01/30/2026,
Puyallup,Kingston,Edmonds,19:00,19:01,19:22,01/30/2026,
Puyallup,Edmonds,Kingston,19:40,19:41,20:04,01/30/2026,
Puyallup,Kingston,Edmonds,20:20,20:21,20:43,01/30/2026,
Puyallup,Edmonds,Kingston,21:05,21:06,21:28,01/30/2026,
Puyallup,Kingston,Edmonds,21:40,21:40,22:03,01/30/2026,
Puyallup,Edmonds,Kingston,22:25,22:25,22:47,01/30/2026,
Puyallup,Kingston,Edmonds,23:10,23:10,23:31,01/30/2026,
Puyallup,Edmonds,Kingston,23:45,23:46,00:07,01/30/2026,
Puyallup,Kingston,Edmonds,04:45,04:46,05:08,01/31/2026,
Puyallup,Edmonds,Kingston,05:35,05:35,05:58,01/31/2026,
Puyallup,Kingston,Edmonds,06:25,06:25,06:47,01/31/2026,
Puyallup,Edmonds,Kingston,07:10,07:12,07:34,01/31/2026,
Puyallup,Kingston,Edmonds,07:55,07:56,08:18,01/31/2026,
Puyallup,Edmonds,Kingston,08:50,08:50,09:12,01/31/2026,
Puyallup,Kingston,Edmonds,09:35,09:36,09:59,01/31/2026,
Puyallup,Edmonds,Kingston,10:20,10:20,10:42,01/31/2026,
Puyallup,Kingston,Edmonds,11:05,11:07,11:29,01/31/2026,
Puyallup,Edmonds,Kingston,11:55,11:57,12:19,01/31/2026,
Puyallup,Kingston,Edmonds,12:45,12:46,13:08,01/31/2026,
Puyallup,Edmonds,Kingston,13:35,13:36,13:58,01/31/2026,
Puyallup,Kingston,Edmonds,14:30,14:30,14:52,01/31/2026,
Puyallup,Edmonds,Kingston,15:15,15:16,15:36,01/31/2026,
Puyallup,Kingston,Edmonds,16:00,16:00,16:22,01/31/2026,
Puyallup,Edmonds,Kingston,16:45,16:46,17:08,01/31/2026,
Puyallup,Kingston,Edmonds,17:30,17:31,17:52,01/31/2026,
Puyallup,Edmonds,Kingston,18:15,18:16,18:38,01/31/2026,
Puyallup,Kingston,Edmonds,19:00,19:02,19:23,01/31/2026,
Puyallup,Edmonds,Kingston,19:40,19:41,20:03,01/31/2026,
Puyallup,Kingston,Edmonds,20:20,20:20,20:42,01/31/2026,
Puyallup,Edmonds,Kingston,21:05,21:06,21:27,01/31/2026,
Puyallup,Kingston,Edmonds,21:40,21:41,22:02,01/31/2026,
Puyallup,Edmonds,Kingston,22:25,22:25,22:46,01/31/2026,
Puyallup,Kingston,Edmonds,23:10,23:10,23:32,01/31/2026,
Puyallup,Edmonds,Kingston,23:45,23:45,00:08,01/31/2026,
Puyallup,Kingston,Edmonds,06:25,06:26,06:48,02/01/2026,
Puyallup,Edmonds,Kingston,07:10,07:11,07:31,02/01/2026,
Puyallup,Kingston,Edmonds,07:55,07:56,08:18,02/01/2026,
Puyallup,Edmonds,Kingston,08:50,08:51,09:13,02/01/2026,
Puyallup,Kingston,Edmonds,09:35,09:36,09:57,02/01/2026,
Puyallup,Edmonds,Kingston,10:20,10:20,10:42,02/01/2026,
Puyallup,Kingston,Edmonds,11:05,11:07,11:29,02/01/2026,
Puyallup,Edmonds,Kingston,11:55,11:58,12:19,02/01/2026,
Puyallup,Kingston,Edmonds,12:45,12:52,13:13,02/01/2026,
Puyallup,Edmonds,Kingston,13:35,13:35,13:57,02/01/2026,
Puyallup,Kingston,Edmonds,14:30,14:36,14:56,02/01/2026,
Puyallup,Edmonds,Kingston,15:15,15:16,15:38,02/01/2026,
Puyallup,Kingston,Edmonds,16:00,16:01,16:22,02/01/2026,
Puyallup,Edmonds,Kingston,16:45,16:48,17:12,02/01/2026,
Puyallup,Kingston,Edmonds,17:30,17:31,17:51,02/01/2026,
Puyallup,Edmonds,Kingston,18:15,18:16,18:38,02/01/2026,
Puyallup,Kingston,Edmonds,19:00,19:01,19:23,02/01/2026,
Puyallup,Edmonds,Kingston,19:40,19:41,20:03,02/01/2026,
Puyallup,Kingston,Edmonds,20:20,20:20,20:42,02/01/2026,
Puyallup,Edmonds,Kingston,21:05,21:06,21:27,02/01/2026,
Puyallup,Kingston,Edmonds,21:40,21:40,22:02,02/01/2026,
Puyallup,Edmonds,Kingston,22:25,22:25,22:47,02/01/2026,
Puyallup,Kingston,Edmonds,23:10,23:12,23:32,02/01/2026,
Puyallup,Edmonds,Kingston,23:45,23:45,00:07,02/01/2026,
Puyallup,Kingston,Edmonds,04:45,04:48,05:10,02/02/2026,
Puyallup,Edmonds,Kingston,05:35,05:36,05:57,02/02/2026,
Puyallup,Kingston,Edmonds,06:25,06:27,06:49,02/02/2026,
Puyallup,Edmonds,Kingston,07:10,07:14,07:36,02/02/2026,
Puyallup,Kingston,Edmonds,07:55,07:58,08:19,02/02/2026,
Puyallup,Edmonds,Kingston,08:50,08:52,09:14,02/02/2026,
Puyallup,Kingston,Edmonds,09:35,09:37,09:57,02/02/2026,
Puyallup,Edmonds,Kingston,10:20,10:21,10:42,02/02/2026,
Puyallup,Kingston,Edmonds,11:05,11:06,11:28,02/02/2026,
Puyallup,Edmonds,Kingston,11:55,11:57,12:22,02/02/2026,
Puyallup,Kingston,Edmonds,12:45,12:46,13:09,02/02/2026,
Puyallup,Edmonds,Kingston,13:35,13:36,13:56,02/02/2026,
Puyallup,Kingston,Edmonds,14:30,14:32,14:52,02/02/2026,
Puyallup,Edmonds,Kingston,15:15,15:16,15:38,02/02/2026,
Puyallup,Kingston,Edmonds,16:00,16:01,16:22,02/02/2026,
Puyallup,Edmonds,Kingston,16:45,16:56,17:18,02/02/2026,
Puyallup,Kingston,Edmonds,17:30,17:36,17:56,02/02/2026,
Puyallup,Edmonds,Kingston,18:15,18:36,18:56,02/02/2026,
Puyallup,Kingston,Edmonds,19:00,19:11,19:31,02/02/2026,
Puyallup,Edmonds,Kingston,19:40,19:44,20:06,02/02/2026,
Puyallup,Kingston,Edmonds,20:20,20:21,20:42,02/02/2026,
Puyallup,Edmonds,Kingston,21:05,21:08,21:29,02/02/2026,
Puyallup,Kingston,Edmonds,21:40,21:42,22:02,02/02/2026,
Puyallup,Edmonds,Kingston,22:25,22:26,22:48,02/02/2026,
Puyallup,Kingston,Edmonds,23:10,23:17,23:39,02/02/2026,
Puyallup,Edmonds,Kingston,23:45,23:50,00:12,02/02/2026,
Puyallup,Kingston,Edmonds,04:45,04:59,05:19,02/03/2026,
Puyallup,Edmonds,Kingston,05:35,05:36,05:58,02/03/2026,
Puyallup,Kingston,Edmonds,06:25,06:27,06:47,02/03/2026,
Puyallup,Edmonds,Kingston,07:10,07:11,07:35,02/03/2026,
Puyallup,Kingston,Edmonds,07:55,07:56,08:18,02/03/2026,
Puyallup,Edmonds,Kingston,08:50,08:51,09:14,02/03/2026,
Puyallup,Kingston,Edmonds,09:35,09:36,09:59,02/03/2026,
Puyallup,Edmonds,Kingston,10:20,10:45,11:07,02/03/2026,
Puyallup,Kingston,Edmonds,11:05,11:25,11:46,02/03/2026,
Puyallup,Edmonds,Kingston,11:55,12:01,12:22,02/03/2026,
Puyallup,Kingston,Edmonds,12:45,12:46,13:09,02/03/2026,
Puyallup,Edmonds,Kingston,13:35,13:36,13:58,02/03/2026,
Puyallup,Kingston,Edmonds,14:30,14:32,14:53,02/03/2026,
Puyallup,Edmonds,Kingston,15:15,15:24,15:43,02/03/2026,
Puyallup,Kingston,Edmonds,16:00,16:04,16:25,02/03/2026,
Puyallup,Edmonds,Kingston,16:45,16:49,17:11,02/03/2026,
Puyallup,Kingston,Edmonds,17:30,17:31,17:52,02/03/2026,
Puyallup,Edmonds,Kingston,18:15,18:17,18:39,02/03/2026,
Puyallup,Kingston,Edmonds,19:00,19:02,19:22,02/03/2026,
Puyallup,Edmonds,Kingston,19:40,19:41,20:02,02/03/2026,
Puyallup,Kingston,Edmonds,20:20,20:22,20:43,02/03/2026,
Puyallup,Edmonds,Kingston,21:05,21:07,21:29,02/03/2026,
Puyallup,Kingston,Edmonds,21:40,21:42,22:03,02/03/2026,
Puyallup,Edmonds,Kingston,22:25,22:26,22:48,02/03/2026,
Puyallup,Kingston,Edmonds,23:10,23:11,23:31,02/03/2026,
Puyallup,Edmonds,Kingston,23:45,23:46,00:08,02/03/2026,
Puyallup,Kingston,Edmonds,04:45,04:46,05:09,02/04/2026,
Puyallup,Edmonds,Kingston,05:35,05:36,05:59,02/04/2026,
Puyallup,Kingston,Edmonds,06:25,06:27,06:49,02/04/2026,
Puyallup,Edmonds,Kingston,07:10,07:11,07:34,02/04/2026,
Puyallup,Kingston,Edmonds,07:55,07:56,08:19,02/04/2026,
Puyallup,Edmonds,Kingston,08:50,09:08,09:14,02/04/2026,
Puyallup,Kingston,Edmonds,09:35,09:36,09:59,02/04/2026,
Puyallup,Edmonds,Kingston,10:20,10:22,10:45,02/04/2026,
Puyallup,Kingston,Edmonds,11:05,11:08,11:30,02/04/2026,
Puyallup,Edmonds,Kingston,11:55,11:57,12:19,02/04/2026,
Puyallup,Kingston,Edmonds,12:45,12:46,13:08,02/04/2026,
Puyallup,Edmonds,Kingston,13:35,13:38,13:59,02/04/2026,
Puyallup,Kingston,Edmonds,14:30,14:31,14:52,02/04/2026,
Puyallup,Edmonds,Kingston,15:15,15:21,15:42,02/04/2026,
Puyallup,Kingston,Edmonds,16:00,16:06,16:30,02/04/2026,
Puyallup,Edmonds,Kingston,16:45,16:56,17:19,02/04/2026,
Puyallup,Kingston,Edmonds,17:30,17:38,17:58,02/04/2026,
Puyallup,Edmonds,Kingston,18:15,18:16,18:38,02/04/2026,
Puyallup,Kingston,Edmonds,19:00,19:01,19:22,02/04/2026,
Puyallup,Edmonds,Kingston,19:40,19:41,20:03,02/04/2026,
Puyallup,Kingston,Edmonds,20:20,20:21,20:42,02/04/2026,
Puyallup,Edmonds,Kingston,21:05,21:07,21:28,02/04/2026,
Puyallup,Kingston,Edmonds,21:40,21:42,22:04,02/04/2026,
Puyallup,Edmonds,Kingston,22:25,22:29,22:51,02/04/2026,
Puyallup,Kingston,Edmonds,23:10,23:11,23:32,02/04/2026,
Puyallup,Edmonds,Kingston,23:45,23:46,00:08,02/04/2026,
Puyallup,Kingston,,04:45,04:47,00:00,02/05/2026,
Puyallup,Edmonds,,06:15,06:10,00:00,02/05/2026,
Puyallup,Edmonds,Kingston,09:35,09:19,09:40,02/05/2026,
Puyallup,Kingston,Edmonds,09:35,09:47,10:09,02/05/2026,
Puyallup,Edmonds,Kingston,10:20,10:27,10:49,02/05/2026,
Puyallup,Kingston,Edmonds,11:05,11:07,11:28,02/05/2026,
Puyallup,Edmonds,Kingston,11:55,11:57,12:18,02/05/2026,
Puyallup,Kingston,Edmonds,12:45,12:47,13:09,02/05/2026,
Puyallup,Edmonds,Kingston,13:35,13:36,13:57,02/05/2026,
Puyallup,Kingston,Edmonds,14:30,14:31,14:53,02/05/2026,
Puyallup,Edmonds,Kingston,15:15,15:17,15:39,02/05/2026,
Puyallup,Kingston,Edmonds,16:00,16:03,16:23,02/05/2026,
Puyallup,Edmonds,Kingston,16:45,16:46,17:08,02/05/2026,
Puyallup,Kingston,Edmonds,17:30,17:31,17:52,02/05/2026,
Puyallup,Edmonds,Kingston,18:15,18:15,18:38,02/05/2026,
Puyallup,Kingston,Edmonds,19:00,19:00,19:21,02/05/2026,
Puyallup,Edmonds,Kingston,19:40,19:40,20:02,02/05/2026,
Puyallup,Kingston,Edmonds,20:20,20:20,20:42,02/05/2026,
Puyallup,Edmonds,Kingston,21:05,21:06,21:27,02/05/2026,
Puyallup,Kingston,Edmonds,21:40,21:42,22:04,02/05/2026,
Puyallup,Edmonds,Kingston,22:25,22:25,22:47,02/05/2026,
Puyallup,Kingston,Edmonds,23:10,23:15,23:35,02/05/2026,
Puyallup,Edmonds,Kingston,23:45,23:45,00:06,02/05/2026,
Puyallup,Kingston,Edmonds,04:45,04:47,05:08,02/06/2026,
Puyallup,Edmonds,Kingston,05:35,05:36,05:59,02/06/2026,
Puyallup,Kingston,Edmonds,06:25,06:27,06:48,02/06/2026,
Puyallup,Edmonds,Kingston,07:10,07:11,07:33,02/06/2026,
Puyallup,Kingston,Edmonds,07:55,07:56,08:19,02/06/2026,
Puyallup,Edmonds,Kingston,08:50,08:52,09:14,02/06/2026,
Puyallup,Kingston,Edmonds,09:35,09:36,09:59,02/06/2026,
Puyallup,Edmonds,Kingston,10:20,10:22,10:46,02/06/2026,
Puyallup,Kingston,Edmonds,11:05,11:06,11:28,02/06/2026,
Puyallup,Edmonds,Kingston,11:55,11:57,12:19,02/06/2026,
Puyallup,Kingston,Edmonds,12:45,12:46,13:09,02/06/2026,
Puyallup,Edmonds,Kingston,13:35,13:36,13:57,02/06/2026,
Puyallup,Kingston,Edmonds,14:30,14:32,14:54,02/06/2026,
Puyallup,Edmonds,Kingston,15:15,15:20,15:42,02/06/2026,
Puyallup,Kingston,Edmonds,16:00,16:02,16:24,02/06/2026,
Puyallup,Edmonds,Kingston,16:45,16:50,17:12,02/06/2026,
Puyallup,Kingston,Edmonds,17:30,17:31,17:54,02/06/2026,
Puyallup,Edmonds,Kingston,18:15,18:17,18:38,02/06/2026,
Puyallup,Kingston,Edmonds,19:00,19:01,19:22,02/06/2026,
Puyallup,Edmonds,Kingston,19:40,19:40,20:03,02/06/2026,
Puyallup,Kingston,Edmonds,20:20,20:20,20:43,02/06/2026,
Puyallup,Edmonds,Kingston,21:05,21:06,21:26,02/06/2026,
Puyallup,Kingston,Edmonds,21:40,21:41,22:03,02/06/2026,
Puyallup,Edmonds,Kingston,22:25,22:26,22:47,02/06/2026,
Puyallup,Kingston,Edmonds,23:10,23:10,23:31,02/06/2026,
Puyallup,Edmonds,Kingston,23:45,23:46,00:07,02/06/2026,
Puyallup,Kingston,Edmonds,04:45,04:46,05:06,02/07/2026,
Puyallup,Edmonds,Kingston,05:35,05:35,05:58,02/07/2026,
Puyallup,Kingston,Edmonds,06:25,06:26,06:47,02/07/2026,
Puyallup,Edmonds,Kingston,07:10,07:11,07:32,02/07/2026,
Puyallup,Kingston,Edmonds,07:55,07:56,08:17,02/07/2026,
Puyallup,Edmonds,Kingston,08:50,08:50,09:12,02/07/2026,
Puyallup,Kingston,Edmonds,09:35,09:37,09:57,02/07/2026,
Puyallup,Edmonds,Kingston,10:20,10:21,10:43,02/07/2026,
Puyallup,Kingston,Edmonds,11:05,11:06,11:27,02/07/2026,
Puyallup,Edmonds,Kingston,11:55,11:56,12:18,02/07/2026,
Puyallup,Kingston,Edmonds,12:45,12:47,13:07,02/07/2026,
Puyallup,Edmonds,Kingston,13:35,13:36,13:58,02/07/2026,
Puyallup,Kingston,Edmonds,14:30,14:30,14:52,02/07/2026,
Puyallup,Edmonds,Kingston,15:15,15:18,15:39,02/07/2026,
Puyallup,Kingston,Edmonds,16:00,16:02,16:23,02/07/2026,
Puyallup,Edmonds,Kingston,16:45,16:46,17:06,02/07/2026,
Puyallup,Kingston,Edmonds,17:30,17:31,17:53,02/07/2026,
Puyallup,Edmonds,Kingston,18:15,18:16,18:37,02/07/2026,
Puyallup,Kingston,Edmonds,19:00,19:00,19:21,02/07/2026,
Puyallup,Edmonds,Kingston,19:40,19:40,20:02,02/07/2026,
Puyallup,Kingston,Edmonds,20:20,20:20,20:41,02/07/2026,
Puyallup,Edmonds,Kingston,21:05,21:06,21:27,02/07/2026,
Puyallup,Kingston,Edmonds,21:40,21:41,22:02,02/07/2026,
Puyallup,Edmonds,Kingston,22:25,22:26,22:47,02/07/2026,
Puyallup,Kingston,Edmonds,23:10,23:10,23:31,02/07/2026,
Puyallup,Edmonds,Kingston,23:45,23:45,00:06,02/07/2026,
Puyallup,Kingston,Edmonds,06:25,06:26,06:48,02/08/2026,
Puyallup,Edmonds,Kingston,07:10,07:11,07:33,02/08/2026,
Puyallup,Kingston,Edmonds,07:55,07:56,08:18,02/08/2026,
Puyallup,Edmonds,Kingston,08:50,08:52,09:14,02/08/2026,
Puyallup,Kingston,Edmonds,09:35,09:35,09:57,02/08/2026,
Puyallup,Edmonds,Kingston,10:20,10:20,10:42,02/08/2026,
Puyallup,Kingston,Edmonds,11:05,11:06,11:27,02/08/2026,
Puyallup,Edmonds,Kingston,11:55,11:56,12:18,02/08/2026,
Puyallup,Kingston,Edmonds,12:45,12:47,13:07,02/08/2026,
Puyallup,Edmonds,Kingston,13:35,13:37,13:58,02/08/2026,
Puyallup,Kingston,Edmonds,14:30,14:32,14:53,02/08/2026,
Puyallup,Edmonds,Kingston,15:15,15:16,15:37,02/08/2026,
Puyallup,Kingston,Edmonds,16:00,16:00,16:21,02/08/2026,
Puyallup,Edmonds,Kingston,16:45,16:47,17:08,02/08/2026,
Puyallup,Kingston,Edmonds,17:30,17:31,17:52,02/08/2026,
Puyallup,Edmonds,Kingston,18:15,18:15,18:37,02/08/2026,
Puyallup,Kingston,Edmonds,19:00,19:01,19:21,02/08/2026,
Puyallup,Edmonds,Kingston,19:40,19:40,20:02,02/08/2026,
Puyallup,Kingston,Edmonds,20:20,20:21,20:42,02/08/2026,
Puyallup,Edmonds,Kingston,21:05,21:06,21:28,02/08/2026,
Puyallup,Kingston,Edmonds,21:40,21:44,22:09,02/08/2026,
Puyallup,Edmonds,Kingston,22:25,22:25,22:47,02/08/2026,
Puyallup,Kingston,Edmonds,23:10,23:11,23:31,02/08/2026,
Puyallup,Edmonds,Kingston,23:45,23:45,00:06,02/08/2026,
Puyallup,Kingston,Edmonds,04:45,04:46,05:07,02/09/2026,
Puyallup,Edmonds,Kingston,05:35,05:36,05:57,02/09/2026,
Puyallup,Kingston,Edmonds,06:25,06:27,06:48,02/09/2026,
Puyallup,Edmonds,Kingston,07:10,07:11,07:32,02/09/2026,
Puyallup,Kingston,Edmonds,07:55,07:56,08:19,02/09/2026,
Puyallup,Edmonds,Kingston,08:50,08:55,09:16,02/09/2026,
Puyallup,Kingston,Edmonds,09:35,09:37,09:58,02/09/2026,
Puyallup,Edmonds,Kingston,10:20,10:21,10:43,02/09/2026,
Puyallup,Kingston,Edmonds,11:05,11:05,11:29,02/09/2026,
Puyallup,Edmonds,Kingston,11:55,11:55,12:16,02/09/2026,
Puyallup,Kingston,Edmonds,12:45,12:46,13:07,02/09/2026,
Puyallup,Edmonds,Kingston,13:35,13:36,13:57,02/09/2026,
Puyallup,Kingston,Edmonds,14:30,14:31,14:52,02/09/2026,
Puyallup,Edmonds,Kingston,15:15,15:16,15:38,02/09/2026,
Puyallup,Kingston,Edmonds,16:00,16:01,16:22,02/09/2026,
Puyallup,Edmonds,Kingston,16:45,16:46,17:08,02/09/2026,
Puyallup,Kingston,Edmonds,17:30,17:31,17:52,02/09/2026,
Puyallup,Edmonds,Kingston,18:15,18:16,18:37,02/09/2026,
Puyallup,Kingston,Edmonds,19:00,19:01,19:22,02/09/2026,
Puyallup,Edmonds,Kingston,19:40,19:41,20:02,02/09/2026,
Puyallup,Kingston,Edmonds,20:20,20:21,20:43,02/09/2026,
Puyallup,Edmonds,Kingston,21:05,21:06,21:27,02/09/2026,
Puyallup,Kingston,Edmonds,21:40,21:41,22:02,02/09/2026,
Puyallup,Edmonds,Kingston,22:25,22:26,22:47,02/09/2026,
Puyallup,Kingston,Edmonds,23:10,23:11,23:33,02/09/2026,
Puyallup,Edmonds,Kingston,23:45,23:46,00:07,02/09/2026,
Puyallup,Kingston,Edmonds,04:45,04:46,05:07,02/10/2026,
Puyallup,Edmonds,Kingston,05:35,05:36,05:58,02/10/2026,
Puyallup,Kingston,Edmonds,06:25,06:26,06:49,02/10/2026,
Puyallup,Edmonds,Kingston,07:10,07:11,07:33,02/10/2026,
Puyallup,Kingston,Edmonds,07:55,07:56,08:17,02/10/2026,
Puyallup,Edmonds,Kingston,08:50,08:51,09:13,02/10/2026,
Puyallup,Kingston,Edmonds,09:35,09:36,09:59,02/10/2026,
Puyallup,Edmonds,Kingston,10:20,10:20,10:49,02/10/2026,
Puyallup,Kingston,Edmonds,11:05,11:07,11:29,02/10/2026,
Puyallup,Edmonds,Kingston,11:55,11:56,12:20,02/10/2026,
Puyallup,Kingston,Edmonds,12:45,12:46,13:08,02/10/2026,
Puyallup,Edmonds,Kingston,13:35,13:36,13:58,02/10/2026,
Puyallup,Kingston,Edmonds,14:30,14:32,14:54,02/10/2026,
Puyallup,Edmonds,Kingston,15:15,15:17,15:39,02/10/2026,
Puyallup,Kingston,Edmonds,16:00,16:08,16:24,02/10/2026,
Puyallup,Edmonds,Kingston,16:45,16:46,17:08,02/10/2026,
Puyallup,Kingston,Edmonds,17:30,17:31,17:53,02/10/2026,
Puyallup,Edmonds,Kingston,18:15,18:16,18:39,02/10/2026,
Puyallup,Kingston,Edmonds,19:00,19:01,19:22,02/10/2026,
Puyallup,Edmonds,Kingston,19:40,19:41,20:01,02/10/2026,
Puyallup,Kingston,Edmonds,20:20,20:21,20:43,02/10/2026,
Puyallup,Edmonds,Kingston,21:05,21:06,21:27,02/10/2026,
Puyallup,Kingston,Edmonds,21:40,21:41,22:03,02/10/2026,
Puyallup,Edmonds,Kingston,22:25,22:27,22:48,02/10/2026,
Puyallup,Kingston,Edmonds,23:10,23:11,23:33,02/10/2026,
Puyallup,Edmonds,Kingston,23:45,23:45,00:07,02/10/2026,
Puyallup,Kingston,Edmonds,04:45,04:48,05:10,02/11/2026,
Puyallup,Edmonds,Kingston,05:35,05:36,05:58,02/11/2026,
Puyallup,Kingston,Edmonds,06:25,06:25,06:49,02/11/2026,
Puyallup,Edmonds,Kingston,07:10,07:10,07:32,02/11/2026,
Puyallup,Kingston,Edmonds,07:55,07:56,08:18,02/11/2026,
Puyallup,Edmonds,Kingston,08:50,08:52,09:15,02/11/2026,
Puyallup,Kingston,Edmonds,09:35,09:38,10:00,02/11/2026,
Puyallup,Edmonds,Kingston,10:20,10:21,10:42,02/11/2026,
Puyallup,Kingston,Edmonds,11:05,11:32,11:49,02/11/2026,
Puyallup,Edmonds,Kingston,11:55,12:02,12:19,02/11/2026,
Puyallup,Kingston,Edmonds,12:45,12:47,13:09,02/11/2026,
Puyallup,Edmonds,Kingston,13:35,13:36,13:57,02/11/2026,
Puyallup,Kingston,Edmonds,14:30,14:31,14:51,02/11/2026,
Puyallup,Edmonds,Kingston,15:15,15:17,15:40,02/11/2026,
Puyallup,Kingston,Edmonds,16:00,16:01,16:23,02/11/2026,
Puyallup,Edmonds,Kingston,16:45,16:47,17:11,02/11/2026,
Puyallup,Kingston,Edmonds,17:30,17:32,17:54,02/11/2026,
Puyallup,Edmonds,Kingston,18:15,18:17,18:39,02/11/2026,
Puyallup,Kingston,Edmonds,19:00,19:00,19:23,02/11/2026,
Puyallup,Edmonds,Kingston,19:40,19:41,20:03,02/11/2026,
Puyallup,Kingston,Edmonds,20:20,20:21,20:43,02/11/2026,
Puyallup,Edmonds,Kingston,21:05,21:22,21:44,02/11/2026,
Puyallup,Kingston,Edmonds,21:40,21:55,22:16,02/11/2026,
Puyallup,Edmonds,Kingston,22:25,22:29,22:51,02/11/2026,
Puyallup,Kingston,Edmonds,23:10,23:10,23:32,02/11/2026,
Puyallup,Edmonds,Kingston,23:45,23:46,00:08,02/11/2026,
Puyallup,Kingston,Edmonds,04:45,04:47,05:10,02/12/2026,
Puyallup,Edmonds,Kingston,05:35,05:35,06:00,02/12/2026,
Puyallup,Kingston,Edmonds,06:25,06:26,06:48,02/12/2026,
Puyallup,Edmonds,Kingston,07:10,07:11,07:33,02/12/2026,
Puyallup,Kingston,Edmonds,07:55,07:57,08:19,02/12/2026,
Puyallup,Edmonds,Kingston,08:50,08:50,09:11,02/12/2026,
Puyallup,Kingston,Edmonds,09:35,09:38,10:05,02/12/2026,
Puyallup,Edmonds,Kingston,10:20,10:23,10:44,02/12/2026,
Puyallup,Kingston,Edmonds,11:05,11:06,11:27,02/12/2026,
Puyallup,Edmonds,Kingston,11:55,11:56,12:17,02/12/2026,
Puyallup,Kingston,Edmonds,12:45,12:46,13:08,02/12/2026,
Puyallup,Edmonds,Kingston,13:35,13:36,13:57,02/12/2026,
Puyallup,Kingston,Edmonds,14:30,14:31,14:53,02/12/2026,
Puyallup,Edmonds,Kingston,15:15,15:19,15:40,02/12/2026,
Puyallup,Kingston,Edmonds,16:00,16:17,16:27,02/12/2026,
Puyallup,Edmonds,Kingston,16:45,16:55,17:17,02/12/2026,
Puyallup,Kingston,Edmonds,17:30,17:38,18:00,02/12/2026,
Puyallup,Edmonds,Kingston,18:15,18:17,18:40,02/12/2026,
Puyallup,Kingston,Edmonds,19:00,19:02,19:23,02/12/2026,
Puyallup,Edmonds,Kingston,19:40,19:41,20:02,02/12/2026,
Puyallup,Kingston,Edmonds,20:20,20:21,20:41,02/12/2026,
Puyallup,Edmonds,Kingston,21:05,21:06,21:27,02/12/2026,
Puyallup,Kingston,Edmonds,21:40,21:42,22:03,02/12/2026,
Puyallup,Edmonds,Kingston,22:25,22:25,22:46,02/12/2026,
Puyallup,Kingston,Edmonds,23:10,23:11,23:32,02/12/2026,
Puyallup,Edmonds,Kingston,23:45,23:45,00:06,02/12/2026,
Puyallup,Kingston,Edmonds,04:45,04:46,05:07,02/13/2026,
Puyallup,Edmonds,Kingston,05:35,05:36,05:59,02/13/2026,
Puyallup,Kingston,Edmonds,06:25,06:27,06:47,02/13/2026,
Puyallup,Edmonds,Kingston,07:10,07:10,07:33,02/13/2026,
Puyallup,Kingston,Edmonds,07:55,07:55,08:16,02/13/2026,
Puyallup,Edmonds,Kingston,08:50,08:50,09:13,02/13/2026,
Puyallup,Kingston,Edmonds,09:35,09:36,09:57,02/13/2026,
Puyallup,Edmonds,Kingston,10:20,10:21,10:47,02/13/2026,
Puyallup,Kingston,Edmonds,11:05,11:07,11:28,02/13/2026,
Puyallup,Edmonds,Kingston,11:55,11:56,12:19,02/13/2026,
Puyallup,Kingston,Edmonds,12:45,12:52,13:12,02/13/2026,
Puyallup,Edmonds,Kingston,13:35,13:38,13:58,02/13/2026,
Puyallup,Kingston,Edmonds,14:30,14:30,14:52,02/13/2026,
Puyallup,Edmonds,Kingston,15:15,15:16,15:37,02/13/2026,
Puyallup,Kingston,Edmonds,16:00,16:01,16:22,02/13/2026,
Puyallup,Edmonds,Kingston,16:45,16:49,17:10,02/13/2026,
Puyallup,Kingston,Edmonds,17:30,17:35,17:55,02/13/2026,
Puyallup,Edmonds,Kingston,18:15,18:21,18:44,02/13/2026,
Puyallup,Kingston,Edmonds,19:00,19:03,19:24,02/13/2026,
Puyallup,Edmonds,Kingston,19:40,19:43,20:06,02/13/2026,
Puyallup,Kingston,Edmonds,20:20,20:21,20:42,02/13/2026,
Puyallup,Edmonds,Kingston,21:05,21:05,21:29,02/13/2026,
Puyallup,Kingston,Edmonds,21:40,21:40,22:01,02/13/2026,
Puyallup,Edmonds,Kingston,22:25,22:25,22:46,02/13/2026,
Puyallup,Kingston,Edmonds,23:10,23:12,23:33,02/13/2026,
Puyallup,Edmonds,Kingston,23:45,23:46,00:08,02/13/2026,
Puyallup,Kingston,Edmonds,04:45,04:46,05:08,02/14/2026,
Puyallup,Edmonds,Kingston,05:35,05:38,06:01,02/14/2026,
Puyallup,Kingston,Edmonds,06:25,06:26,06:48,02/14/2026,
Puyallup,Edmonds,Kingston,07:10,07:11,07:32,02/14/2026,
Puyallup,Kingston,Edmonds,07:55,07:57,08:18,02/14/2026,
Puyallup,Edmonds,Kingston,08:50,08:52,09:12,02/14/2026,
Puyallup,Kingston,Edmonds,09:35,09:35,09:56,02/14/2026,
Puyallup,Edmonds,Kingston,10:20,10:21,10:43,02/14/2026,
Puyallup,Kingston,Edmonds,11:05,11:06,11:28,02/14/2026,
Puyallup,Edmonds,Kingston,11:55,11:57,12:18,02/14/2026,
Puyallup,Kingston,Edmonds,12:45,12:47,13:09,02/14/2026,
Puyallup,Edmonds,Kingston,13:35,13:36,13:57,02/14/2026,
Puyallup,Kingston,Edmonds,14:30,14:31,14:52,02/14/2026,
Puyallup,Edmonds,Kingston,15:15,15:18,15:40,02/14/2026,
Puyallup,Kingston,Edmonds,16:00,16:03,16:23,02/14/2026,
Puyallup,Edmonds,Kingston,16:45,16:52,17:14,02/14/2026,
Puyallup,Kingston,Edmonds,17:30,17:35,17:55,02/14/2026,
Puyallup,Edmonds,Kingston,18:15,18:16,18:37,02/14/2026,
Puyallup,Kingston,Edmonds,19:00,19:03,19:24,02/14/2026,
Puyallup,Edmonds,Kingston,19:40,19:41,20:03,02/14/2026,
Puyallup,Kingston,Edmonds,20:20,20:22,20:43,02/14/2026,
Puyallup,Edmonds,Kingston,21:05,21:05,21:26,02/14/2026,
Puyallup,Kingston,Edmonds,21:40,21:42,22:04,02/14/2026,
Puyallup,Edmonds,Kingston,22:25,22:25,22:46,02/14/2026,
Puyallup,Kingston,Edmonds,23:10,23:11,23:34,02/14/2026,
Puyallup,Edmonds,Kingston,23:45,23:45,00:06,02/14/2026,
Puyallup,Kingston,Edmonds,06:25,06:27,06:48,02/15/2026,
Puyallup,Edmonds,Kingston,07:10,07:11,07:33,02/15/2026,
Puyallup,Kingston,Edmonds,07:55,07:56,08:17,02/15/2026,
Puyallup,Edmonds,Kingston,08:50,08:52,09:13,02/15/2026,
Puyallup,Kingston,Edmonds,09:35,09:37,10:00,02/15/2026,
Puyallup,Edmonds,Kingston,10:20,10:22,10:44,02/15/2026,
Puyallup,Kingston,Edmonds,11:05,11:07,11:28,02/15/2026,
Puyallup,Edmonds,Kingston,11:55,11:58,12:20,02/15/2026,
Puyallup,Kingston,Edmonds,12:45,12:52,13:12,02/15/2026,
Puyallup,Edmonds,Kingston,13:35,13:44,14:05,02/15/2026,
Puyallup,Kingston,Edmonds,14:30,14:36,14:57,02/15/2026,
Puyallup,Edmonds,Kingston,15:15,15:26,15:50,02/15/2026,
Puyallup,Kingston,Edmonds,16:00,16:16,16:36,02/15/2026,
Puyallup,Edmonds,Kingston,16:45,17:05,17:26,02/15/2026,
Puyallup,Kingston,Edmonds,17:30,17:53,18:14,02/15/2026,
Puyallup,Edmonds,Kingston,18:15,18:32,18:55,02/15/2026,
Puyallup,Kingston,Edmonds,19:00,19:17,19:37,02/15/2026,
Puyallup,Edmonds,Kingston,19:40,19:55,20:15,02/15/2026,
Puyallup,Kingston,Edmonds,20:20,20:30,20:52,02/15/2026,
Puyallup,Edmonds,Kingston,21:05,21:06,21:27,02/15/2026,
Puyallup,Kingston,Edmonds,21:40,21:42,22:04,02/15/2026,
Puyallup,Edmonds,Kingston,22:25,22:26,22:46,02/15/2026,
Puyallup,Kingston,Edmonds,23:10,23:11,23:33,02/15/2026,
Puyallup,Edmonds,Kingston,23:45,23:46,00:07,02/15/2026,
Puyallup,Kingston,Edmonds,04:45,04:46,05:09,02/16/2026,
Puyallup,Edmonds,Kingston,05:35,05:35,05:58,02/16/2026,
Puyallup,Kingston,Edmonds,06:25,06:26,06:48,02/16/2026,
Puyallup,Edmonds,Kingston,07:10,07:11,07:32,02/16/2026,
Puyallup,Kingston,Edmonds,07:55,07:57,08:18,02/16/2026,
Puyallup,Edmonds,Kingston,08:50,08:52,09:13,02/16/2026,
Puyallup,Kingston,Edmonds,09:35,09:38,10:00,02/16/2026,
Puyallup,Edmonds,Kingston,10:20,10:21,10:43,02/16/2026,
Puyallup,Kingston,Edmonds,11:05,11:07,11:28,02/16/2026,
Puyallup,Edmonds,Kingston,11:55,11:57,12:19,02/16/2026,
Puyallup,Kingston,Edmonds,12:45,12:49,13:10,02/16/2026,
Puyallup,Edmonds,Kingston,13:35,13:35,13:58,02/16/2026,
Puyallup,Kingston,Edmonds,14:30,14:30,14:52,02/16/2026,
Puyallup,Edmonds,Kingston,15:15,15:17,15:39,02/16/2026,
Puyallup,Kingston,Edmonds,16:00,16:12,16:33,02/16/2026,
Puyallup,Edmonds,Kingston,16:45,16:55,17:17,02/16/2026,
Puyallup,Kingston,Edmonds,17:30,17:38,18:07,02/16/2026,
Puyallup,Edmonds,Kingston,18:15,18:27,18:49,02/16/2026,
Puyallup,Kingston,Edmonds,19:00,19:06,19:26,02/16/2026,
Puyallup,Edmonds,Kingston,19:40,19:41,20:03,02/16/2026,
Puyallup,Kingston,Edmonds,20:20,20:21,20:43,02/16/2026,
Puyallup,Edmonds,Kingston,21:05,21:06,21:28,02/16/2026,
Puyallup,Kingston,Edmonds,21:40,21:41,22:02,02/16/2026,
Puyallup,Edmonds,Kingston,22:25,22:26,22:47,02/16/2026,
Puyallup,Kingston,Edmonds,23:10,23:11,23:32,02/16/2026,
Puyallup,Edmonds,Kingston,23:45,23:46,00:07,02/16/2026,
Puyallup,Kingston,Edmonds,04:45,04:47,05:10,02/17/2026,
Puyallup,Edmonds,Kingston,05:35,05:36,05:58,02/17/2026,
Puyallup,Kingston,Edmonds,06:25,06:27,06:49,02/17/2026,
Puyallup,Edmonds,Kingston,07:10,07:13,07:36,02/17/2026,
Puyallup,Kingston,Edmonds,07:55,07:56,08:18,02/17/2026,
Puyallup,Edmonds,Kingston,08:50,08:54,09:16,02/17/2026,
Puyallup,Kingston,Edmonds,09:35,09:37,10:00,02/17/2026,
Puyallup,Edmonds,Kingston,10:20,10:21,10:43,02/17/2026,
Puyallup,Kingston,Edmonds,11:05,11:06,11:29,02/17/2026,
Puyallup,Edmonds,Kingston,11:55,11:56,12:19,02/17/2026,
Puyallup,Kingston,Edmonds,12:45,12:46,13:09,02/17/2026,
Puyallup,Edmonds,Kingston,13:35,13:37,13:59,02/17/2026,
Puyallup,Kingston,Edmonds,14:30,14:32,14:54,02/17/2026,
Puyallup,Edmonds,Kingston,15:15,15:25,15:42,02/17/2026,
Puyallup,Kingston,Edmonds,16:00,16:04,16:24,02/17/2026,
Puyallup,Edmonds,Kingston,16:45,16:48,17:10,02/17/2026,
Puyallup,Kingston,Edmonds,17:30,17:31,17:53,02/17/2026,
Puyallup,Edmonds,Kingston,18:15,18:16,18:38,02/17/2026,
Puyallup,Kingston,Edmonds,19:00,19:01,19:22,02/17/2026,
Puyallup,Edmonds,Kingston,19:40,19:41,20:02,02/17/2026,
Puyallup,Kingston,Edmonds,20:20,20:22,20:48,02/17/2026,
Puyallup,Edmonds,Kingston,21:05,21:06,21:28,02/17/2026,
Puyallup,Kingston,Edmonds,21:40,21:42,22:04,02/17/2026,
Puyallup,Edmonds,Kingston,22:25,22:25,22:47,02/17/2026,
Puyallup,Kingston,Edmonds,23:10,23:11,23:32,02/17/2026,
Puyallup,Edmonds,Kingston,23:45,23:45,00:07,02/17/2026,
Puyallup,Kingston,Edmonds,04:45,04:47,05:08,02/18/2026,
Puyallup,Edmonds,Kingston,05:35,05:36,05:59,02/18/2026,
Puyallup,Kingston,Edmonds,06:25,06:26,06:48,02/18/2026,
Puyallup,Edmonds,Kingston,07:10,07:11,07:33,02/18/2026,
Puyallup,Kingston,Edmonds,07:55,07:56,08:18,02/18/2026,
Puyallup,Edmonds,Kingston,08:50,09:13,09:24,02/18/2026,
Puyallup,Kingston,Edmonds,09:35,09:36,09:58,02/18/2026,
Puyallup,Edmonds,Kingston,10:20,10:21,10:43,02/18/2026,
Puyallup,Kingston,Edmonds,11:05,11:06,11:27,02/18/2026,
Puyallup,Edmonds,Kingston,11:55,11:57,12:18,02/18/2026,
Puyallup,Kingston,Edmonds,12:45,12:46,13:07,02/18/2026,
Puyallup,Edmonds,Kingston,13:35,13:36,13:57,02/18/2026,
Puyallup,Kingston,Edmonds,14:30,14:31,14:53,02/18/2026,
Puyallup,Edmonds,Kingston,15:15,15:17,15:39,02/18/2026,
Puyallup,Kingston,Edmonds,16:00,16:01,16:23,02/18/2026,
Puyallup,Edmonds,Kingston,16:45,16:46,17:08,02/18/2026,
Puyallup,Kingston,Edmonds,17:30,17:32,17:54,02/18/2026,
Puyallup,Edmonds,Kingston,18:15,18:18,18:41,02/18/2026,
Puyallup,Kingston,Edmonds,19:00,19:01,19:23,02/18/2026,
Puyallup,Edmonds,Kingston,19:40,19:41,20:02,02/18/2026,
Puyallup,Kingston,Edmonds,20:20,20:21,20:43,02/18/2026,
Puyallup,Edmonds,Kingston,21:05,21:07,21:28,02/18/2026,
Puyallup,Kingston,Edmonds,21:40,21:42,22:03,02/18/2026,
Puyallup,Edmonds,Kingston,22:25,22:26,22:47,02/18/2026,
Puyallup,Kingston,Edmonds,23:10,23:10,23:32,02/18/2026,
Puyallup,Edmonds,Kingston,23:45,23:46,00:07,02/18/2026,
Puyallup,Kingston,Edmonds,04:45,04:46,05:08,02/19/2026,
Puyallup,Edmonds,Kingston,05:35,05:36,05:58,02/19/2026,
Puyallup,Kingston,Edmonds,06:25,06:26,06:47,02/19/2026,
Puyallup,Edmonds,Kingston,07:10,07:12,07:34,02/19/2026,
Puyallup,Kingston,Edmonds,07:55,07:56,08:18,02/19/2026,
Puyallup,Edmonds,Kingston,08:50,08:51,09:14,02/19/2026,
Puyallup,Kingston,Edmonds,09:35,09:35,09:57,02/19/2026,
Puyallup,Edmonds,Kingston,10:20,10:21,10:44,02/19/2026,
Puyallup,Kingston,Edmonds,11:05,11:06,11:29,02/19/2026,
Puyallup,Edmonds,Kingston,11:55,11:58,12:19,02/19/2026,
Puyallup,Kingston,Edmonds,12:45,12:46,13:09,02/19/2026,
Puyallup,Edmonds,Kingston,13:35,13:37,13:58,02/19/2026,
Puyallup,Kingston,Edmonds,14:30,14:30,14:52,02/19/2026,
Puyallup,Edmonds,Kingston,15:15,15:20,15:44,02/19/2026,
Puyallup,Kingston,Edmonds,16:00,16:02,16:22,02/19/2026,
Puyallup,Edmonds,Kingston,16:45,16:47,17:07,02/19/2026,
Puyallup,Kingston,Edmonds,17:30,17:31,17:52,02/19/2026,
Puyallup,Edmonds,Kingston,18:15,18:16,18:36,02/19/2026,
Puyallup,Kingston,Edmonds,19:00,18:59,19:17,02/19/2026,
Puyallup,Edmonds,Kingston,19:40,19:40,20:03,02/19/2026,
Puyallup,Kingston,Edmonds,20:20,20:20,20:42,02/19/2026,
Puyallup,Edmonds,Kingston,21:05,21:05,21:27,02/19/2026,
Puyallup,Kingston,Edmonds,21:40,21:40,22:02,02/19/2026,
Puyallup,Edmonds,Kingston,22:25,22:25,22:47,02/19/2026,
Puyallup,Kingston,Edmonds,23:10,23:10,23:32,02/19/2026,
Puyallup,Edmonds,Kingston,23:45,23:46,00:08,02/19/2026,
Puyallup,Kingston,Edmonds,04:45,04:47,05:09,02/20/2026,
Puyallup,Edmonds,Kingston,05:35,05:36,05:57,02/20/2026,
Puyallup,Kingston,Edmonds,06:25,06:26,06:49,02/20/2026,
Puyallup,Edmonds,Kingston,07:10,07:12,07:33,02/20/2026,
Puyallup,Kingston,Edmonds,07:55,07:56,08:18,02/20/2026,
Puyallup,Edmonds,Kingston,08:50,08:51,09:13,02/20/2026,
Puyallup,Kingston,Edmonds,09:35,09:36,09:59,02/20/2026,
Puyallup,Edmonds,Kingston,10:20,10:22,10:44,02/20/2026,
Puyallup,Kingston,Edmonds,11:05,11:06,11:29,02/20/2026,
Puyallup,Edmonds,Kingston,11:55,11:57,12:18,02/20/2026,
Puyallup,Kingston,Edmonds,12:45,12:46,13:09,02/20/2026,
Puyallup,Edmonds,Kingston,13:35,13:35,13:57,02/20/2026,
Puyallup,Kingston,Edmonds,14:30,14:30,14:52,02/20/2026,
Puyallup,Edmonds,Kingston,15:15,15:17,15:38,02/20/2026,
Puyallup,Kingston,Edmonds,16:00,16:02,16:24,02/20/2026,
Puyallup,Edmonds,Kingston,16:45,16:54,17:15,02/20/2026,
Puyallup,Kingston,Edmonds,17:30,17:36,17:57,02/20/2026,
Puyallup,Edmonds,Kingston,18:15,18:16,18:37,02/20/2026,
Puyallup,Kingston,Edmonds,19:00,19:01,19:22,02/20/2026,
Puyallup,Edmonds,Kingston,19:40,19:41,20:04,02/20/2026,
Puyallup,Kingston,Edmonds,20:20,20:20,20:42,02/20/2026,
Puyallup,Edmonds,Kingston,21:05,21:05,21:28,02/20/2026,
Puyallup,Kingston,Edmonds,21:40,21:41,22:04,02/20/2026,
Puyallup,Edmonds,Kingston,22:25,22:27,22:48,02/20/2026,
Puyallup,Kingston,Edmonds,23:10,23:10,23:32,02/20/2026,
Puyallup,Edmonds,Kingston,23:45,23:46,00:07,02/20/2026,
Puyallup,Kingston,Edmonds,04:45,04:46,05:10,02/21/2026,
Puyallup,Edmonds,Kingston,05:35,05:37,05:59,02/21/2026,
Puyallup,Kingston,Edmonds,06:25,06:26,06:48,02/21/2026,
Puyallup,Edmonds,Kingston,07:10,07:11,07:34,02/21/2026,
Puyallup,Kingston,Edmonds,07:55,07:55,08:17,02/21/2026,
Puyallup,Edmonds,Kingston,08:50,08:51,09:14,02/21/2026,
Puyallup,Kingston,Edmonds,09:35,09:36,09:57,02/21/2026,
Puyallup,Edmonds,Kingston,10:20,10:22,10:44,02/21/2026,
Puyallup,Kingston,Edmonds,11:05,11:08,11:31,02/21/2026,
Puyallup,Edmonds,Kingston,11:55,11:59,12:21,02/21/2026,
Puyallup,Kingston,Edmonds,12:45,12:49,13:13,02/21/2026,
Puyallup,Edmonds,Kingston,13:35,13:37,13:58,02/21/2026,
Puyallup,Kingston,Edmonds,14:30,14:31,14:52,02/21/2026,
Puyallup,Edmonds,Kingston,15:15,15:18,15:40,02/21/2026,
Puyallup,Kingston,Edmonds,16:00,16:05,16:27,02/21/2026,
Puyallup,Edmonds,Kingston,16:45,16:50,17:11,02/21/2026,
Puyallup,Kingston,Edmonds,17:30,17:34,17:55,02/21/2026,
Puyallup,Edmonds,Kingston,18:15,18:15,18:36,02/21/2026,
Puyallup,Kingston,Edmonds,19:00,19:00,19:21,02/21/2026,
Puyallup,Edmonds,Kingston,19:40,19:40,20:02,02/21/2026,
Puyallup,Kingston,Edmonds,20:20,20:21,20:42,02/21/2026,
Puyallup,Edmonds,Kingston,21:05,21:07,21:29,02/21/2026,
Puyallup,Kingston,Edmonds,21:40,21:42,22:02,02/21/2026,
Puyallup,Edmonds,Kingston,22:25,22:25,22:48,02/21/2026,
Puyallup,Kingston,Edmonds,23:10,23:10,23:31,02/21/2026,
Puyallup,Edmonds,Kingston,23:45,23:45,00:06,02/21/2026,
Puyallup,Kingston,Edmonds,06:25,06:28,06:50,02/22/2026,
Puyallup,Edmonds,Kingston,07:10,07:11,07:32,02/22/2026,
Puyallup,Kingston,Edmonds,07:55,07:56,08:18,02/22/2026,
Puyallup,Edmonds,Kingston,08:50,08:51,09:13,02/22/2026,
Puyallup,Kingston,Edmonds,09:35,09:36,09:59,02/22/2026,
Puyallup,Edmonds,Kingston,10:20,10:22,10:44,02/22/2026,
Puyallup,Kingston,Edmonds,11:05,11:06,11:29,02/22/2026,
Puyallup,Edmonds,Kingston,11:55,11:57,12:17,02/22/2026,
Puyallup,Kingston,Edmonds,12:45,12:50,13:11,02/22/2026,
Puyallup,Edmonds,Kingston,13:35,13:37,13:59,02/22/2026,
Puyallup,Kingston,Edmonds,14:30,14:34,14:55,02/22/2026,
Puyallup,Edmonds,Kingston,15:15,15:16,15:38,02/22/2026,
Puyallup,Kingston,Edmonds,16:00,16:01,16:23,02/22/2026,
Puyallup,Edmonds,Kingston,16:45,16:47,17:07,02/22/2026,
Puyallup,Kingston,Edmonds,17:30,17:31,17:52,02/22/2026,
Puyallup,Edmonds,Kingston,18:15,18:17,18:40,02/22/2026,
Puyallup,Kingston,Edmonds,19:00,19:02,19:23,02/22/2026,
Puyallup,Edmonds,Kingston,19:40,19:41,20:04,02/22/2026,
Puyallup,Kingston,Edmonds,20:20,20:23,20:48,02/22/2026,
Puyallup,Edmonds,Kingston,21:05,21:06,21:27,02/22/2026,
Puyallup,Kingston,Edmonds,21:40,21:41,22:05,02/22/2026,
Puyallup,Edmonds,Kingston,22:25,22:25,22:47,02/22/2026,
Puyallup,Kingston,Edmonds,23:10,23:12,23:33,02/22/2026,
Puyallup,Edmonds,Kingston,23:45,23:47,00:08,02/22/2026,
Puyallup,Kingston,Edmonds,04:45,04:46,05:08,02/23/2026,
Puyallup,Edmonds,Kingston,05:35,05:36,05:58,02/23/2026,
Puyallup,Kingston,Edmonds,06:25,06:27,06:49,02/23/2026,
Puyallup,Edmonds,Kingston,07:10,07:10,07:32,02/23/2026,
Puyallup,Kingston,Edmonds,07:55,07:57,08:19,02/23/2026,
Puyallup,Edmonds,Kingston,08:50,08:51,09:13,02/23/2026,
Puyallup,Kingston,Edmonds,09:35,09:36,09:58,02/23/2026,
Puyallup,Edmonds,Kingston,10:20,10:21,10:43,02/23/2026,
Puyallup,Kingston,Edmonds,11:05,11:07,11:28,02/23/2026,
Puyallup,Edmonds,Kingston,11:55,11:56,12:18,02/23/2026,
Puyallup,Kingston,Edmonds,12:45,12:46,13:07,02/23/2026,
Puyallup,Edmonds,Kingston,13:35,13:36,13:58,02/23/2026,
Puyallup,Kingston,Edmonds,14:30,14:35,14:55,02/23/2026,
Puyallup,Edmonds,Kingston,15:15,15:17,15:39,02/23/2026,
Puyallup,Kingston,Edmonds,16:00,16:02,16:22,02/23/2026,
Puyallup,Edmonds,Kingston,16:45,16:47,17:09,02/23/2026,
Puyallup,Kingston,Edmonds,17:30,17:31,17:54,02/23/2026,
Puyallup,Edmonds,Kingston,18:15,18:16,18:39,02/23/2026,
Puyallup,Kingston,Edmonds,19:00,19:02,19:24,02/23/2026,
Puyallup,Edmonds,Kingston,19:40,19:41,20:05,02/23/2026,
Puyallup,Kingston,Edmonds,20:20,20:21,20:44,02/23/2026,
Puyallup,Edmonds,Kingston,21:05,21:06,21:28,02/23/2026,
Puyallup,Kingston,Edmonds,21:40,21:44,22:05,02/23/2026,
Puyallup,Edmonds,Kingston,22:25,22:26,22:47,02/23/2026,
Puyallup,Kingston,Edmonds,23:10,23:11,23:32,02/23/2026,
Puyallup,Edmonds,Kingston,23:45,23:45,00:07,02/23/2026,
Puyallup,Kingston,Edmonds,04:45,04:46,05:07,02/24/2026,
Puyallup,Edmonds,Kingston,05:35,05:36,05:58,02/24/2026,
Puyallup,Kingston,Edmonds,06:25,06:25,06:47,02/24/2026,
Puyallup,Edmonds,Kingston,07:10,07:11,07:33,02/24/2026,
Puyallup,Kingston,Edmonds,07:55,07:55,08:18,02/24/2026,
Puyallup,Edmonds,Kingston,08:50,08:51,09:12,02/24/2026,
Puyallup,Kingston,Edmonds,09:35,09:35,09:58,02/24/2026,
Puyallup,Edmonds,Kingston,10:20,10:21,10:42,02/24/2026,
Puyallup,Kingston,Edmonds,11:05,11:06,11:28,02/24/2026,
Puyallup,Edmonds,Kingston,11:55,11:57,12:19,02/24/2026,
Puyallup,Kingston,Edmonds,12:45,12:46,13:07,02/24/2026,
Puyallup,Edmonds,Kingston,13:35,13:37,13:59,02/24/2026,
Puyallup,Kingston,Edmonds,14:30,14:32,14:52,02/24/2026,
Puyallup,Edmonds,Kingston,15:15,15:16,15:38,02/24/2026,
Puyallup,Kingston,Edmonds,16:00,16:17,16:29,02/24/2026,
Puyallup,Edmonds,Kingston,16:45,16:47,17:08,02/24/2026,
Puyallup,Kingston,Edmonds,17:30,17:31,17:53,02/24/2026,
Puyallup,Edmonds,Kingston,18:15,18:17,18:39,02/24/2026,
Puyallup,Kingston,Edmonds,19:00,19:01,19:23,02/24/2026,
Puyallup,Edmonds,Kingston,19:40,19:41,20:02,02/24/2026,
Puyallup,Kingston,Edmonds,20:20,20:22,20:45,02/24/2026,
Puyallup,Edmonds,Kingston,21:05,21:06,21:26,02/24/2026,
Puyallup,Kingston,Edmonds,21:40,21:45,22:06,02/24/2026,
Puyallup,Edmonds,Kingston,22:25,22:26,22:48,02/24/2026,
Puyallup,Kingston,Edmonds,23:10,23:10,23:31,02/24/2026,
Puyallup,Edmonds,Kingston,23:45,23:46,00:07,02/24/2026,
Puyallup,Kingston,Edmonds,05:30,05:38,06:01,02/25/2026,
Puyallup,Edmonds,Kingston,06:15,06:16,06:37,02/25/2026,
Puyallup,Kingston,Edmonds,07:00,07:03,07:24,02/25/2026,
Puyallup,Edmonds,Kingston,07:55,07:57,08:18,02/25/2026,
Puyallup,Kingston,Edmonds,08:40,08:51,09:12,02/25/2026,
Puyallup,Edmonds,Kingston,09:35,09:36,09:58,02/25/2026,
Puyallup,Kingston,Edmonds,10:20,10:23,10:44,02/25/2026,
Puyallup,Edmonds,Kingston,11:05,11:06,11:29,02/25/2026,
Puyallup,Kingston,Edmonds,11:55,11:56,12:17,02/25/2026,
Puyallup,Edmonds,Kingston,12:40,12:41,13:02,02/25/2026,
Puyallup,Kingston,Edmonds,13:30,13:31,13:52,02/25/2026,
Puyallup,Edmonds,Kingston,14:25,14:27,14:48,02/25/2026,
Puyallup,Kingston,Edmonds,15:10,15:11,15:33,02/25/2026,
Puyallup,Edmonds,Kingston,15:55,15:57,16:20,02/25/2026,
Puyallup,Kingston,Edmonds,16:40,16:41,17:06,02/25/2026,
Puyallup,Edmonds,Kingston,17:25,17:27,17:51,02/25/2026,
Puyallup,Kingston,Edmonds,18:10,18:12,18:34,02/25/2026,
Puyallup,Edmonds,Kingston,19:00,19:02,19:23,02/25/2026,
Puyallup,Kingston,Edmonds,19:45,19:45,20:06,02/25/2026,
Puyallup,Edmonds,Kingston,20:30,20:31,20:52,02/25/2026,
Puyallup,Kingston,Edmonds,05:30,05:41,06:02,02/26/2026,
Puyallup,Edmonds,Kingston,06:15,06:17,06:38,02/26/2026,
Puyallup,Kingston,Edmonds,07:00,07:01,07:22,02/26/2026,
Puyallup,Edmonds,Kingston,07:55,07:55,08:17,02/26/2026,
Puyallup,Kingston,Edmonds,08:40,08:40,09:01,02/26/2026,
Puyallup,Edmonds,Kingston,09:35,09:36,09:57,02/26/2026,
Puyallup,Kingston,Edmonds,10:20,10:22,10:42,02/26/2026,
Puyallup,Edmonds,Kingston,11:05,11:06,11:27,02/26/2026,
Puyallup,Kingston,Edmonds,11:55,11:58,12:18,02/26/2026,
Puyallup,Edmonds,Kingston,12:40,12:41,13:02,02/26/2026,
Puyallup,Kingston,Edmonds,13:30,13:31,13:53,02/26/2026,
Puyallup,Edmonds,Kingston,14:25,14:30,14:51,02/26/2026,
Puyallup,Kingston,Edmonds,15:10,15:12,15:36,02/26/2026,
Puyallup,Edmonds,Kingston,15:55,16:01,16:21,02/26/2026,
Puyallup,Kingston,Edmonds,16:40,16:42,17:03,02/26/2026,
Puyallup,Edmonds,Kingston,17:25,17:26,17:47,02/26/2026,
Puyallup,Kingston,Edmonds,18:10,18:11,18:33,02/26/2026,
Puyallup,Edmonds,Kingston,19:00,19:01,19:24,02/26/2026,
Puyallup,Kingston,Edmonds,19:45,19:46,20:08,02/26/2026,
Puyallup,Edmonds,Kingston,20:30,20:31,20:51,02/26/2026,
Puyallup,Kingston,Edmonds,05:30,05:39,06:00,02/27/2026,
Puyallup,Edmonds,Kingston,06:15,06:16,06:37,02/27/2026,
Puyallup,Kingston,Edmonds,07:00,07:01,07:22,02/27/2026,
Puyallup,Edmonds,Kingston,07:55,07:56,08:18,02/27/2026,
Puyallup,Kingston,Edmonds,08:40,08:42,09:03,02/27/2026,
Puyallup,Edmonds,Kingston,09:35,09:36,09:56,02/27/2026,
Puyallup,Kingston,Edmonds,10:20,10:21,10:43,02/27/2026,
Puyallup,Edmonds,Kingston,11:05,11:06,11:28,02/27/2026,
Puyallup,Kingston,Edmonds,11:55,11:56,12:18,02/27/2026,
Puyallup,Edmonds,Kingston,12:40,12:44,13:04,02/27/2026,
Puyallup,Kingston,Edmonds,13:30,13:31,13:52,02/27/2026,
Puyallup,Edmonds,Kingston,14:25,14:27,14:48,02/27/2026,
Puyallup,Kingston,Edmonds,15:10,15:12,15:33,02/27/2026,
Puyallup,Edmonds,Kingston,15:55,15:58,16:19,02/27/2026,
Puyallup,Kingston,Edmonds,16:40,16:42,17:04,02/27/2026,
Puyallup,Edmonds,Kingston,17:25,17:29,17:50,02/27/2026,
Puyallup,Kingston,Edmonds,18:10,18:20,18:42,02/27/2026,
Puyallup,Edmonds,Kingston,19:00,19:04,19:26,02/27/2026,
Puyallup,Kingston,Edmonds,19:45,19:47,20:10,02/27/2026,
Puyallup,Edmonds,Kingston,20:30,20:31,20:52,02/27/2026,
Puyallup,Kingston,Edmonds,21:10,21:11,21:35,02/27/2026,
Puyallup,Edmonds,Kingston,21:50,21:51,22:13,02/27/2026,
Puyallup,Kingston,Edmonds,22:30,22:31,22:53,02/27/2026,
Puyallup,Edmonds,Kingston,23:10,23:11,23:33,02/27/2026,
Puyallup,Kingston,Edmonds,07:00,07:02,07:25,02/28/2026,
Puyallup,Edmonds,Kingston,07:55,07:56,08:18,02/28/2026,
Puyallup,Kingston,Edmonds,08:40,08:41,09:03,02/28/2026,
Puyallup,Edmonds,Kingston,09:35,09:37,09:59,02/28/2026,
Puyallup,Kingston,Edmonds,10:20,10:23,10:45,02/28/2026,
Puyallup,Edmonds,Kingston,11:05,11:34,11:56,02/28/2026,
Puyallup,Kingston,Edmonds,11:55,12:22,12:44,02/28/2026,
Puyallup,Edmonds,Kingston,12:40,13:13,13:35,02/28/2026,
Puyallup,Kingston,Edmonds,13:30,14:04,14:25,02/28/2026,
Puyallup,Edmonds,Kingston,14:25,14:50,15:12,02/28/2026,
Puyallup,Kingston,Edmonds,15:10,15:40,16:02,02/28/2026,
Puyallup,Edmonds,Kingston,15:55,16:27,16:48,02/28/2026,
Puyallup,Kingston,Edmonds,16:40,17:10,17:30,02/28/2026,
Puyallup,Edmonds,Kingston,17:25,17:55,18:21,02/28/2026,
Puyallup,Kingston,Edmonds,18:10,18:45,19:06,02/28/2026,
Puyallup,Edmonds,Kingston,19:00,19:28,19:48,02/28/2026,
Puyallup,Kingston,Edmonds,19:45,20:08,20:30,02/28/2026,
Puyallup,Edmonds,Kingston,20:30,20:47,21:09,02/28/2026,
Puyallup,Kingston,Edmonds,21:10,21:21,21:45,02/28/2026,
Puyallup,Edmonds,Kingston,21:50,21:56,22:18,02/28/2026,
Puyallup,Kingston,Edmonds,07:00,07:08,07:33,03/01/2026,
Puyallup,Edmonds,Kingston,07:55,07:55,08:20,03/01/2026,
Puyallup,Kingston,Edmonds,08:40,08:41,09:07,03/01/2026,
Puyallup,Edmonds,Kingston,09:35,09:37,09:58,03/01/2026,
Puyallup,Kingston,Edmonds,10:20,10:22,10:47,03/01/2026,
Puyallup,Edmonds,Kingston,11:05,11:11,11:32,03/01/2026,
Puyallup,Kingston,Edmonds,11:55,11:57,12:22,03/01/2026,
Puyallup,Edmonds,Kingston,12:40,12:44,13:05,03/01/2026,
Puyallup,Kingston,Edmonds,13:30,13:32,13:56,03/01/2026,
Puyallup,Edmonds,Kingston,14:25,14:26,15:00,03/01/2026,
Puyallup,Kingston,Edmonds,15:10,15:25,15:46,03/01/2026,
Puyallup,Edmonds,Kingston,15:55,16:08,16:41,03/01/2026,
Puyallup,Kingston,Edmonds,16:40,17:15,17:36,03/01/2026,
Puyallup,Kingston,Edmonds,19:45,20:05,20:36,03/01/2026,
Puyallup,Edmonds,Kingston,20:30,20:52,21:13,03/01/2026,
Puyallup,Kingston,Edmonds,21:10,21:22,21:44,03/01/2026,
Puyallup,Edmonds,Kingston,21:50,21:52,22:17,03/01/2026,
Puyallup,Kingston,Edmonds,22:30,22:31,22:53,03/01/2026,
Puyallup,Edmonds,Kingston,23:10,23:11,23:32,03/01/2026,
Puyallup,Kingston,Edmonds,05:30,05:37,05:59,03/02/2026,
Puyallup,Edmonds,Kingston,06:15,06:16,06:38,03/02/2026,
Puyallup,Kingston,Edmonds,07:00,07:01,07:23,03/02/2026,
Puyallup,Edmonds,Kingston,07:55,07:56,08:18,03/02/2026,
Puyallup,Kingston,Edmonds,08:40,08:42,09:04,03/02/2026,
Puyallup,Edmonds,Kingston,09:35,09:36,09:56,03/02/2026,
Puyallup,Kingston,Edmonds,10:20,10:22,10:43,03/02/2026,
Puyallup,Edmonds,Kingston,11:05,11:06,11:32,03/02/2026,
Puyallup,Kingston,Edmonds,11:55,11:55,12:17,03/02/2026,
Puyallup,Edmonds,Kingston,12:40,12:42,13:03,03/02/2026,
Puyallup,Kingston,Edmonds,13:30,13:31,13:53,03/02/2026,
Puyallup,Edmonds,Kingston,14:25,14:26,14:47,03/02/2026,
Puyallup,Kingston,Edmonds,15:10,15:10,15:33,03/02/2026,
Puyallup,Edmonds,Kingston,15:55,15:55,16:18,03/02/2026,
Puyallup,Kingston,Edmonds,16:40,16:41,17:03,03/02/2026,
Puyallup,Edmonds,Kingston,17:25,17:26,17:48,03/02/2026,
Puyallup,Kingston,Edmonds,18:10,18:11,18:33,03/02/2026,
Puyallup,Edmonds,Kingston,19:00,19:00,19:22,03/02/2026,
Puyallup,Kingston,Edmonds,19:45,19:46,20:08,03/02/2026,
Puyallup,Edmonds,Kingston,20:30,20:31,20:52,03/02/2026,
Puyallup,Kingston,Edmonds,05:30,05:38,05:59,03/03/2026,
Puyallup,Edmonds,Kingston,06:15,06:17,06:40,03/03/2026,
Puyallup,Kingston,Edmonds,07:00,07:01,07:23,03/03/2026,
