Vessel, Departing, Arriving, Scheduled Depart, Actual Depart, Est. Arrival, Date 
Salish,Port Townsend,Keystone,10:15,10:16,10:43,08/12/2026,
Salish,Keystone,Port Townsend,11:00,11:03,11:31,08/12/2026,
Salish,Port Townsend,Keystone,11:45,11:46,12:13,08/12/2026,
Salish,Keystone,Port Townsend,12:30,12:30,13:00,08/12/2026,
Salish,Port Townsend,Keystone,13:15,13:16,13:44,08/12/2026,
Salish,Keystone,Port Townsend,14:00,14:03,14:33,08/12/2026,
Salish,Port Townsend,Keystone,14:45,14:46,15:13,08/12/2026,
Salish,Keystone,Port Townsend,15:30,15:30,15:58,08/12/2026,
Salish,Port Townsend,Keystone,10:15,10:15,10:42,08/13/2026,
Salish,Keystone,Port Townsend,11:00,11:03,11:31,08/13/2026,
Salish,Port Townsend,Keystone,11:45,11:49,12:16,08/13/2026,
Salish,Keystone,Port Townsend,12:30,12:33,13:03,08/13/2026,
