Vessel, Departing, Arriving, Scheduled Depart, Actual Depart, Est. Arrival, Date 
Wenatchee,Bainbridge,Colman,00:00,00:16,00:48,11/16/2025,
Wenatchee,Colman,Bainbridge,00:45,01:01,01:33,11/16/2025,
Wenatchee,Bainbridge,Colman,01:25,01:41,02:14,11/16/2025,
Wenatchee,Colman,Bainbridge,02:10,02:23,02:54,11/16/2025,
Wenatchee,Bainbridge,Colman,05:20,05:22,05:58,11/16/2025,
Wenatchee,Colman,Bainbridge,06:10,06:15,06:50,11/16/2025,
Wenatchee,Bainbridge,Colman,07:05,07:09,07:42,11/16/2025,
Wenatchee,Colman,Bainbridge,07:55,07:58,08:29,11/16/2025,
Wenatchee,Bainbridge,Colman,08:45,08:46,09:18,11/16/2025,
Wenatchee,Colman,Bainbridge,09:35,09:36,10:09,11/16/2025,
Wenatchee,Bainbridge,Colman,10:25,10:27,11:14,11/16/2025,
Wenatchee,Colman,Bainbridge,11:25,11:33,12:05,11/16/2025,
Wenatchee,Bainbridge,Colman,12:20,12:23,12:52,11/16/2025,
Wenatchee,Colman,Bainbridge,13:15,13:16,13:48,11/16/2025,
Wenatchee,Bainbridge,Colman,14:10,14:11,14:42,11/16/2025,
Wenatchee,Colman,Bainbridge,15:05,15:07,15:39,11/16/2025,
Wenatchee,Bainbridge,Colman,15:55,15:56,16:26,11/16/2025,
Wenatchee,Colman,Bainbridge,16:45,16:47,17:19,11/16/2025,
Wenatchee,Bainbridge,Colman,17:35,17:37,18:08,11/16/2025,
Wenatchee,Colman,Bainbridge,18:25,18:28,19:01,11/16/2025,
Wenatchee,Bainbridge,Colman,19:15,19:17,19:47,11/16/2025,
Wenatchee,Colman,Bainbridge,20:10,20:10,20:43,11/16/2025,
Wenatchee,Bainbridge,Colman,20:55,20:56,21:27,11/16/2025,
Wenatchee,Colman,Bainbridge,21:45,21:47,22:19,11/16/2025,
Wenatchee,Bainbridge,Colman,22:30,22:35,23:07,11/16/2025,
Wenatchee,Colman,Bainbridge,23:15,23:17,23:48,11/16/2025,
Wenatchee,Bainbridge,Colman,00:00,00:02,00:33,11/17/2025,
Wenatchee,Colman,Bainbridge,00:45,00:46,01:18,11/17/2025,
Wenatchee,Bainbridge,Colman,01:25,01:26,01:58,11/17/2025,
Wenatchee,Colman,Bainbridge,02:10,02:11,02:42,11/17/2025,
Wenatchee,Bainbridge,Colman,05:20,05:28,06:01,11/17/2025,
Wenatchee,Colman,Bainbridge,06:10,06:13,06:45,11/17/2025,
Wenatchee,Bainbridge,Colman,07:05,07:06,07:39,11/17/2025,
Wenatchee,Colman,Bainbridge,07:55,07:58,08:30,11/17/2025,
Wenatchee,Bainbridge,Colman,08:45,08:45,09:19,11/17/2025,
Wenatchee,Colman,Bainbridge,09:35,09:37,10:10,11/17/2025,
Wenatchee,Bainbridge,Colman,10:25,10:26,10:59,11/17/2025,
Wenatchee,Colman,Bainbridge,11:25,11:26,12:04,11/17/2025,
Wenatchee,Bainbridge,Colman,12:20,12:21,12:54,11/17/2025,
Wenatchee,Colman,Bainbridge,13:10,13:13,13:45,11/17/2025,
Wenatchee,Bainbridge,Colman,14:05,14:07,14:37,11/17/2025,
Wenatchee,Colman,Bainbridge,15:00,15:01,15:33,11/17/2025,
Wenatchee,Bainbridge,Colman,15:50,15:51,16:22,11/17/2025,
Wenatchee,Colman,Bainbridge,16:45,16:48,17:20,11/17/2025,
Wenatchee,Bainbridge,Colman,17:35,17:37,18:08,11/17/2025,
Wenatchee,Colman,Bainbridge,18:30,18:33,19:06,11/17/2025,
Wenatchee,Bainbridge,Colman,19:20,19:21,19:52,11/17/2025,
Wenatchee,Colman,Bainbridge,20:15,20:17,20:49,11/17/2025,
Wenatchee,Bainbridge,Colman,21:00,21:00,21:31,11/17/2025,
Wenatchee,Colman,Bainbridge,22:05,22:08,22:40,11/17/2025,
Wenatchee,Bainbridge,Colman,05:20,05:24,05:55,11/18/2025,
Wenatchee,Colman,Bainbridge,06:10,06:11,06:45,11/18/2025,
Wenatchee,Bainbridge,Colman,07:05,07:07,07:38,11/18/2025,
Wenatchee,Colman,Bainbridge,07:55,07:57,08:31,11/18/2025,
Wenatchee,Bainbridge,Colman,08:45,08:47,09:17,11/18/2025,
Wenatchee,Colman,Bainbridge,09:35,09:37,10:09,11/18/2025,
Wenatchee,Bainbridge,Colman,10:25,10:25,10:58,11/18/2025,
Wenatchee,Colman,Bainbridge,11:25,11:26,11:58,11/18/2025,
Wenatchee,Bainbridge,Colman,12:20,12:22,12:52,11/18/2025,
Wenatchee,Colman,Bainbridge,13:10,13:12,13:44,11/18/2025,
Wenatchee,Bainbridge,Colman,14:05,14:06,14:35,11/18/2025,
Wenatchee,Colman,Bainbridge,15:00,15:01,15:34,11/18/2025,
Wenatchee,Bainbridge,Colman,15:50,16:00,16:21,11/18/2025,
Wenatchee,Colman,Bainbridge,16:45,16:46,17:19,11/18/2025,
Wenatchee,Bainbridge,Colman,17:35,17:36,18:06,11/18/2025,
Wenatchee,Colman,Bainbridge,18:30,18:32,19:04,11/18/2025,
Wenatchee,Bainbridge,Colman,19:20,19:21,19:51,11/18/2025,
Wenatchee,Colman,Bainbridge,20:15,20:17,20:48,11/18/2025,
Wenatchee,Bainbridge,Colman,21:00,21:00,21:31,11/18/2025,
Wenatchee,Colman,Bainbridge,22:05,22:08,22:39,11/18/2025,
Wenatchee,Bainbridge,Colman,04:45,04:46,05:18,11/19/2025,
Wenatchee,Colman,Bainbridge,05:30,05:33,06:04,11/19/2025,
Wenatchee,Bainbridge,Colman,06:20,06:21,06:52,11/19/2025,
Wenatchee,Colman,Bainbridge,07:05,07:07,07:38,11/19/2025,
Wenatchee,Bainbridge,Colman,07:55,07:57,08:27,11/19/2025,
Wenatchee,Colman,Bainbridge,08:45,08:49,09:20,11/19/2025,
Wenatchee,Bainbridge,Colman,09:40,09:42,10:12,11/19/2025,
Wenatchee,Colman,Bainbridge,10:40,10:42,11:12,11/19/2025,
Wenatchee,Bainbridge,Colman,11:30,11:31,12:03,11/19/2025,
Wenatchee,Colman,Bainbridge,12:25,12:27,12:58,11/19/2025,
Wenatchee,Bainbridge,Colman,13:15,13:16,13:50,11/19/2025,
Wenatchee,Colman,Bainbridge,14:05,14:07,14:40,11/19/2025,
Wenatchee,Bainbridge,Colman,14:55,14:57,15:27,11/19/2025,
Wenatchee,Colman,Bainbridge,15:50,15:53,16:25,11/19/2025,
Wenatchee,Bainbridge,Colman,16:45,16:47,17:17,11/19/2025,
Wenatchee,Colman,Bainbridge,17:45,17:48,18:19,11/19/2025,
Wenatchee,Bainbridge,Colman,18:40,18:40,19:11,11/19/2025,
Wenatchee,Colman,Bainbridge,19:30,19:31,20:02,11/19/2025,
Wenatchee,Bainbridge,Colman,20:20,20:20,20:51,11/19/2025,
Wenatchee,Colman,Bainbridge,21:20,21:22,21:53,11/19/2025,
Wenatchee,Bainbridge,Colman,22:00,22:00,22:32,11/19/2025,
Wenatchee,Colman,Bainbridge,22:50,22:50,23:22,11/19/2025,
Wenatchee,Bainbridge,Colman,23:30,23:35,00:06,11/19/2025,
Wenatchee,Colman,Bainbridge,00:15,00:16,00:48,11/20/2025,
Wenatchee,Bainbridge,Colman,00:55,00:55,01:26,11/20/2025,
Wenatchee,Colman,Bainbridge,01:35,01:36,02:06,11/20/2025,
Wenatchee,Bainbridge,Colman,04:45,04:46,05:16,11/20/2025,
Wenatchee,Colman,Bainbridge,05:30,05:31,06:01,11/20/2025,
Wenatchee,Bainbridge,Colman,06:20,06:22,06:51,11/20/2025,
Wenatchee,Colman,Bainbridge,07:05,07:08,07:39,11/20/2025,
Wenatchee,Bainbridge,Colman,07:55,07:58,08:28,11/20/2025,
Wenatchee,Colman,Bainbridge,08:45,08:46,09:17,11/20/2025,
Wenatchee,Bainbridge,Colman,09:40,09:42,10:13,11/20/2025,
Wenatchee,Colman,Bainbridge,10:40,10:40,11:12,11/20/2025,
Wenatchee,Bainbridge,Colman,11:30,11:31,12:04,11/20/2025,
Wenatchee,Colman,Bainbridge,12:25,12:26,12:57,11/20/2025,
Wenatchee,Bainbridge,Colman,13:15,13:17,13:47,11/20/2025,
Wenatchee,Colman,Bainbridge,14:05,14:06,14:38,11/20/2025,
Wenatchee,Bainbridge,Colman,14:55,14:56,15:27,11/20/2025,
Wenatchee,Colman,Bainbridge,15:50,16:01,16:24,11/20/2025,
Wenatchee,Bainbridge,Colman,16:45,16:46,17:17,11/20/2025,
Wenatchee,Colman,Bainbridge,17:45,17:47,18:18,11/20/2025,
Wenatchee,Bainbridge,Colman,18:40,18:40,19:14,11/20/2025,
Wenatchee,Colman,Bainbridge,19:30,19:32,20:03,11/20/2025,
Wenatchee,Bainbridge,Colman,20:20,20:20,20:52,11/20/2025,
Wenatchee,Colman,Bainbridge,21:20,21:22,21:59,11/20/2025,
Wenatchee,Bainbridge,Colman,22:00,22:08,22:43,11/20/2025,
Wenatchee,Colman,Bainbridge,22:50,22:57,23:29,11/20/2025,
Wenatchee,Bainbridge,Colman,04:45,04:46,05:26,11/21/2025,
Wenatchee,Colman,Bainbridge,05:30,05:38,06:11,11/21/2025,
Wenatchee,Bainbridge,Colman,06:20,06:23,06:52,11/21/2025,
Wenatchee,Colman,Bainbridge,07:05,07:07,07:38,11/21/2025,
Wenatchee,Bainbridge,Colman,07:55,07:56,08:28,11/21/2025,
Wenatchee,Colman,Bainbridge,08:45,08:47,09:19,11/21/2025,
Wenatchee,Bainbridge,Colman,09:40,09:42,10:12,11/21/2025,
Wenatchee,Colman,Bainbridge,10:40,10:44,11:15,11/21/2025,
Wenatchee,Bainbridge,Colman,11:30,11:30,12:02,11/21/2025,
Wenatchee,Colman,Bainbridge,12:25,12:28,13:00,11/21/2025,
Wenatchee,Bainbridge,Colman,13:15,13:18,13:47,11/21/2025,
Wenatchee,Colman,Bainbridge,14:05,14:08,14:41,11/21/2025,
Wenatchee,Bainbridge,Colman,14:55,14:59,15:29,11/21/2025,
Wenatchee,Colman,Bainbridge,15:50,15:52,16:23,11/21/2025,
Wenatchee,Bainbridge,Colman,16:45,16:46,17:17,11/21/2025,
Wenatchee,Colman,Bainbridge,17:45,17:47,18:21,11/21/2025,
Wenatchee,Bainbridge,Colman,18:40,18:42,19:13,11/21/2025,
Wenatchee,Colman,Bainbridge,19:30,19:31,20:05,11/21/2025,
Wenatchee,Bainbridge,Colman,20:20,20:21,20:52,11/21/2025,
Wenatchee,Colman,Bainbridge,21:20,21:21,21:53,11/21/2025,
Wenatchee,Bainbridge,Colman,22:00,22:02,22:39,11/21/2025,
Wenatchee,Colman,Bainbridge,22:50,22:53,23:24,11/21/2025,
Wenatchee,Bainbridge,Colman,23:30,23:32,00:05,11/21/2025,
Wenatchee,Colman,Bainbridge,00:15,00:23,00:54,11/22/2025,
Wenatchee,Bainbridge,Colman,00:55,01:03,01:35,11/22/2025,
Wenatchee,Colman,Bainbridge,01:35,01:45,02:19,11/22/2025,
Wenatchee,Bainbridge,Colman,07:55,07:55,08:27,11/22/2025,
Wenatchee,Colman,Bainbridge,08:55,08:57,09:28,11/22/2025,
Wenatchee,Bainbridge,Colman,09:45,09:46,10:16,11/22/2025,
Wenatchee,Colman,Bainbridge,10:40,10:43,11:13,11/22/2025,
Wenatchee,Bainbridge,Colman,11:35,11:35,12:10,11/22/2025,
Wenatchee,Colman,Bainbridge,12:30,12:37,13:08,11/22/2025,
Wenatchee,Bainbridge,Colman,13:20,13:26,13:56,11/22/2025,
Wenatchee,Colman,Bainbridge,14:10,14:20,15:00,11/22/2025,
Wenatchee,Bainbridge,Colman,15:00,15:11,15:40,11/22/2025,
Wenatchee,Colman,Bainbridge,15:50,16:05,16:36,11/22/2025,
Wenatchee,Bainbridge,Colman,16:40,16:57,17:28,11/22/2025,
Wenatchee,Colman,Bainbridge,17:35,17:48,18:20,11/22/2025,
Wenatchee,Bainbridge,Colman,18:30,18:32,19:02,11/22/2025,
Wenatchee,Colman,Bainbridge,19:20,19:23,19:56,11/22/2025,
Wenatchee,Bainbridge,Colman,20:10,20:10,20:41,11/22/2025,
Wenatchee,Colman,Bainbridge,21:00,21:02,21:36,11/22/2025,
Wenatchee,Bainbridge,Colman,21:45,21:46,22:17,11/22/2025,
Wenatchee,Colman,Bainbridge,22:40,22:44,23:15,11/22/2025,
Wenatchee,Colman,Bainbridge,08:55,08:56,09:28,11/23/2025,
Wenatchee,Bainbridge,Colman,09:45,09:46,10:16,11/23/2025,
Wenatchee,Colman,Bainbridge,10:40,10:41,11:14,11/23/2025,
Wenatchee,Bainbridge,Colman,11:35,11:36,12:04,11/23/2025,
Wenatchee,Colman,Bainbridge,12:30,12:32,13:04,11/23/2025,
Wenatchee,Bainbridge,Colman,13:20,13:21,13:52,11/23/2025,
Wenatchee,Colman,Bainbridge,14:10,14:12,14:44,11/23/2025,
Wenatchee,Bainbridge,Colman,15:00,15:04,15:36,11/23/2025,
Wenatchee,Colman,Bainbridge,15:50,15:54,16:26,11/23/2025,
Wenatchee,Bainbridge,Colman,16:40,16:40,17:11,11/23/2025,
Wenatchee,Colman,Bainbridge,17:35,17:37,18:09,11/23/2025,
Wenatchee,Bainbridge,Colman,18:30,18:31,19:02,11/23/2025,
Wenatchee,Colman,Bainbridge,19:20,19:21,19:56,11/23/2025,
Wenatchee,Bainbridge,Colman,20:10,20:10,20:42,11/23/2025,
Wenatchee,Colman,Bainbridge,21:00,21:04,21:36,11/23/2025,
Wenatchee,Bainbridge,Colman,21:45,21:45,22:17,11/23/2025,
Wenatchee,Colman,Bainbridge,22:40,22:43,23:15,11/23/2025,
Wenatchee,Bainbridge,Colman,04:45,04:46,05:19,11/24/2025,
Wenatchee,Colman,Bainbridge,05:30,05:32,06:06,11/24/2025,
Wenatchee,Bainbridge,Colman,06:20,06:21,06:52,11/24/2025,
Wenatchee,Colman,Bainbridge,07:05,07:07,07:39,11/24/2025,
Wenatchee,Bainbridge,Colman,07:55,07:56,08:27,11/24/2025,
Wenatchee,Colman,Bainbridge,08:45,08:49,09:21,11/24/2025,
Wenatchee,Bainbridge,Colman,09:40,09:42,10:12,11/24/2025,
Wenatchee,Colman,Bainbridge,10:40,10:42,11:14,11/24/2025,
Wenatchee,Bainbridge,Colman,11:30,11:32,12:02,11/24/2025,
Wenatchee,Colman,Bainbridge,12:25,12:28,13:07,11/24/2025,
Wenatchee,Bainbridge,Colman,13:15,13:16,13:46,11/24/2025,
Wenatchee,Colman,Bainbridge,14:05,14:07,14:57,11/24/2025,
Wenatchee,Bainbridge,Colman,14:55,14:56,15:26,11/24/2025,
Wenatchee,Colman,Bainbridge,15:50,15:56,16:27,11/24/2025,
Wenatchee,Bainbridge,Colman,16:45,16:46,17:17,11/24/2025,
Wenatchee,Colman,Bainbridge,17:45,17:46,18:17,11/24/2025,
Wenatchee,Bainbridge,Colman,18:40,18:41,19:11,11/24/2025,
Wenatchee,Colman,Bainbridge,19:30,19:31,20:03,11/24/2025,
Wenatchee,Bainbridge,Colman,20:20,20:21,20:50,11/24/2025,
Wenatchee,Colman,Bainbridge,21:20,21:22,21:54,11/24/2025,
Wenatchee,Bainbridge,Colman,22:00,22:03,22:34,11/24/2025,
Wenatchee,Colman,Bainbridge,22:50,22:50,23:22,11/24/2025,
Wenatchee,Bainbridge,Colman,23:30,23:31,00:01,11/24/2025,
Wenatchee,Colman,Bainbridge,00:15,00:16,00:48,11/25/2025,
Wenatchee,Bainbridge,Colman,00:55,00:55,01:26,11/25/2025,
Wenatchee,Colman,Bainbridge,01:35,01:36,02:07,11/25/2025,
Wenatchee,Bainbridge,Colman,04:45,04:46,05:18,11/25/2025,
Wenatchee,Colman,Bainbridge,05:30,05:32,06:03,11/25/2025,
Wenatchee,Bainbridge,Colman,06:20,06:21,06:52,11/25/2025,
Wenatchee,Colman,Bainbridge,07:05,07:08,07:40,11/25/2025,
Wenatchee,Bainbridge,Colman,07:55,07:56,08:26,11/25/2025,
Wenatchee,Colman,Bainbridge,08:45,08:46,09:19,11/25/2025,
Wenatchee,Bainbridge,Colman,09:40,09:42,10:13,11/25/2025,
Wenatchee,Colman,Bainbridge,10:40,10:44,11:20,11/25/2025,
Wenatchee,Bainbridge,Colman,11:30,11:39,12:13,11/25/2025,
Wenatchee,Colman,Bainbridge,12:25,12:36,13:06,11/25/2025,
Wenatchee,Bainbridge,Colman,13:15,13:20,13:51,11/25/2025,
Wenatchee,Colman,Bainbridge,14:05,14:14,14:45,11/25/2025,
Wenatchee,Bainbridge,Colman,14:55,15:04,15:35,11/25/2025,
Wenatchee,Colman,Bainbridge,15:50,16:39,16:51,11/25/2025,
Wenatchee,Bainbridge,Colman,16:45,17:00,17:20,11/25/2025,
Wenatchee,Colman,Bainbridge,17:45,17:47,18:19,11/25/2025,
Wenatchee,Bainbridge,Colman,18:40,18:41,19:10,11/25/2025,
Wenatchee,Colman,Bainbridge,19:30,19:33,20:05,11/25/2025,
Wenatchee,Bainbridge,Colman,20:20,20:20,20:50,11/25/2025,
Wenatchee,Colman,Bainbridge,21:20,21:21,21:52,11/25/2025,
Wenatchee,Bainbridge,Colman,22:00,22:07,22:38,11/25/2025,
Wenatchee,Colman,Bainbridge,22:50,22:51,23:25,11/25/2025,
Wenatchee,Bainbridge,Colman,23:30,23:31,00:02,11/25/2025,
Wenatchee,Colman,Bainbridge,01:35,01:36,02:07,11/26/2025,
Wenatchee,Bainbridge,Colman,05:20,05:23,05:54,11/26/2025,
Wenatchee,Colman,Bainbridge,06:10,06:12,06:48,11/26/2025,
Wenatchee,Bainbridge,Colman,07:05,07:10,07:42,11/26/2025,
Wenatchee,Colman,Bainbridge,07:55,08:01,08:35,11/26/2025,
Wenatchee,Bainbridge,Colman,08:45,08:51,09:22,11/26/2025,
Wenatchee,Colman,Bainbridge,09:35,10:06,10:24,11/26/2025,
Wenatchee,Bainbridge,Colman,10:25,10:32,10:58,11/26/2025,
Wenatchee,Colman,Bainbridge,11:25,11:25,11:59,11/26/2025,
Wenatchee,Bainbridge,Colman,12:20,12:22,12:52,11/26/2025,
Wenatchee,Colman,Bainbridge,13:10,13:16,13:47,11/26/2025,
Wenatchee,Bainbridge,Colman,14:05,14:08,14:40,11/26/2025,
Wenatchee,Colman,Bainbridge,15:00,15:08,15:39,11/26/2025,
Wenatchee,Bainbridge,Colman,15:50,15:58,16:30,11/26/2025,
Wenatchee,Colman,Bainbridge,16:45,16:53,17:25,11/26/2025,
Wenatchee,Bainbridge,Colman,17:35,17:51,18:22,11/26/2025,
Wenatchee,Colman,Bainbridge,18:30,18:44,19:15,11/26/2025,
Wenatchee,Bainbridge,Colman,19:20,19:30,20:01,11/26/2025,
Wenatchee,Colman,Bainbridge,20:15,20:17,20:48,11/26/2025,
Wenatchee,Bainbridge,Colman,21:00,21:00,21:34,11/26/2025,
Wenatchee,Colman,Bainbridge,22:05,22:06,22:38,11/26/2025,
Wenatchee,Bainbridge,Colman,07:55,07:56,08:27,11/27/2025,
Wenatchee,Colman,Bainbridge,08:55,08:56,09:28,11/27/2025,
Wenatchee,Bainbridge,Colman,09:45,09:45,10:17,11/27/2025,
Wenatchee,Colman,Bainbridge,10:40,10:42,11:13,11/27/2025,
Wenatchee,Bainbridge,Colman,11:35,11:41,12:10,11/27/2025,
Wenatchee,Colman,Bainbridge,12:30,12:41,13:11,11/27/2025,
Wenatchee,Bainbridge,Colman,13:20,13:35,14:04,11/27/2025,
Wenatchee,Colman,Bainbridge,14:10,14:31,15:02,11/27/2025,
Wenatchee,Colman,Bainbridge,15:50,16:26,16:44,11/27/2025,
Wenatchee,Bainbridge,Colman,15:55,15:50,15:56,11/27/2025,
Wenatchee,Bainbridge,Colman,16:40,16:58,17:28,11/27/2025,
Wenatchee,Colman,Bainbridge,17:35,17:42,18:13,11/27/2025,
Wenatchee,Bainbridge,Colman,18:30,18:32,19:02,11/27/2025,
Wenatchee,Colman,Bainbridge,19:20,19:23,19:56,11/27/2025,
Wenatchee,Bainbridge,Colman,20:10,20:17,20:50,11/27/2025,
Wenatchee,Colman,Bainbridge,21:00,21:15,21:51,11/27/2025,
Wenatchee,Bainbridge,Colman,21:45,22:14,22:46,11/27/2025,
Wenatchee,Colman,Bainbridge,23:15,23:11,23:44,11/27/2025,
Wenatchee,Bainbridge,Colman,05:20,05:22,05:56,11/28/2025,
Wenatchee,Colman,Bainbridge,06:10,06:11,06:45,11/28/2025,
Wenatchee,Bainbridge,Colman,07:05,07:06,07:38,11/28/2025,
Wenatchee,Colman,Bainbridge,07:55,07:57,08:29,11/28/2025,
Wenatchee,Bainbridge,Colman,08:45,08:46,09:19,11/28/2025,
Wenatchee,Colman,Bainbridge,09:35,09:37,10:10,11/28/2025,
Wenatchee,Bainbridge,Colman,10:25,10:29,11:02,11/28/2025,
Wenatchee,Colman,Bainbridge,11:25,11:31,12:05,11/28/2025,
Wenatchee,Bainbridge,Colman,12:20,12:26,12:59,11/28/2025,
Wenatchee,Colman,Bainbridge,13:10,13:26,14:05,11/28/2025,
Wenatchee,Bainbridge,Colman,14:05,14:29,14:59,11/28/2025,
Wenatchee,Colman,Bainbridge,15:00,15:29,16:02,11/28/2025,
Wenatchee,Bainbridge,Colman,15:50,16:27,16:57,11/28/2025,
Wenatchee,Colman,Bainbridge,22:50,22:51,23:24,11/28/2025,
Wenatchee,Bainbridge,Colman,05:20,05:23,05:54,11/29/2025,
Wenatchee,Colman,Bainbridge,06:10,06:12,06:44,11/29/2025,
Wenatchee,Bainbridge,Colman,07:05,07:06,07:36,11/29/2025,
Wenatchee,Colman,Bainbridge,07:55,07:56,08:28,11/29/2025,
Wenatchee,Bainbridge,Colman,08:45,08:47,09:16,11/29/2025,
Wenatchee,Colman,Bainbridge,09:35,09:37,10:09,11/29/2025,
Wenatchee,Bainbridge,Colman,10:25,10:27,10:57,11/29/2025,
Wenatchee,Colman,Bainbridge,11:25,11:27,12:03,11/29/2025,
Wenatchee,Bainbridge,Colman,12:20,12:25,12:55,11/29/2025,
Wenatchee,Colman,Bainbridge,13:15,13:20,13:54,11/29/2025,
Wenatchee,Bainbridge,Colman,14:10,14:15,14:45,11/29/2025,
Wenatchee,Colman,Bainbridge,15:05,15:06,15:39,11/29/2025,
Wenatchee,Bainbridge,Colman,15:55,16:01,16:31,11/29/2025,
Wenatchee,Colman,Bainbridge,16:45,16:51,17:23,11/29/2025,
Wenatchee,Bainbridge,Colman,17:35,17:45,18:14,11/29/2025,
Wenatchee,Colman,Bainbridge,18:25,18:34,19:08,11/29/2025,
Wenatchee,Bainbridge,Colman,19:15,19:23,19:53,11/29/2025,
Wenatchee,Colman,Bainbridge,20:10,20:16,20:54,11/29/2025,
Wenatchee,Bainbridge,Colman,20:55,21:05,21:36,11/29/2025,
Wenatchee,Colman,Bainbridge,21:45,22:02,22:34,11/29/2025,
Wenatchee,Bainbridge,Colman,22:30,22:42,23:14,11/29/2025,
Wenatchee,Colman,Bainbridge,23:15,23:24,23:57,11/29/2025,
Wenatchee,Bainbridge,Colman,00:00,00:04,00:35,11/30/2025,
Wenatchee,Colman,Bainbridge,00:45,00:46,01:19,11/30/2025,
Wenatchee,Bainbridge,Colman,01:25,01:28,01:59,11/30/2025,
Wenatchee,Colman,Bainbridge,02:10,02:11,02:43,11/30/2025,
Wenatchee,Bainbridge,Colman,05:20,05:22,05:57,11/30/2025,
Wenatchee,Colman,Bainbridge,06:10,06:12,06:46,11/30/2025,
Wenatchee,Bainbridge,Colman,07:05,07:07,07:41,11/30/2025,
Wenatchee,Colman,Bainbridge,07:55,07:56,08:27,11/30/2025,
Wenatchee,Bainbridge,Colman,08:45,08:46,09:19,11/30/2025,
Wenatchee,Colman,Bainbridge,09:35,09:38,10:09,11/30/2025,
Wenatchee,Bainbridge,Colman,10:25,10:26,11:00,11/30/2025,
Wenatchee,Colman,Bainbridge,11:25,11:27,11:58,11/30/2025,
Wenatchee,Bainbridge,Colman,12:20,12:21,12:51,11/30/2025,
Wenatchee,Colman,Bainbridge,13:15,13:17,13:49,11/30/2025,
Wenatchee,Bainbridge,Colman,14:10,14:12,14:42,11/30/2025,
Wenatchee,Colman,Bainbridge,15:05,15:07,15:39,11/30/2025,
Wenatchee,Bainbridge,Colman,15:55,15:58,16:29,11/30/2025,
Wenatchee,Colman,Bainbridge,16:45,16:54,17:27,11/30/2025,
Wenatchee,Bainbridge,Colman,17:35,17:49,18:20,11/30/2025,
Wenatchee,Colman,Bainbridge,18:25,18:40,19:13,11/30/2025,
Wenatchee,Bainbridge,Colman,19:15,19:24,19:57,11/30/2025,
Wenatchee,Colman,Bainbridge,20:10,20:12,20:44,11/30/2025,
Wenatchee,Bainbridge,Colman,20:55,20:57,21:30,11/30/2025,
Wenatchee,Colman,Bainbridge,21:45,21:51,22:23,11/30/2025,
Wenatchee,Bainbridge,Colman,22:30,22:33,23:04,11/30/2025,
Wenatchee,Colman,Bainbridge,23:15,23:17,23:49,11/30/2025,
Wenatchee,Bainbridge,Colman,00:00,00:00,00:32,12/01/2025,
Wenatchee,Colman,Bainbridge,00:45,00:47,01:22,12/01/2025,
Wenatchee,Bainbridge,Colman,01:25,01:30,02:01,12/01/2025,
Wenatchee,Colman,Bainbridge,02:10,02:11,02:43,12/01/2025,
Wenatchee,Bainbridge,Colman,05:20,05:21,05:53,12/01/2025,
Wenatchee,Colman,Bainbridge,06:10,06:13,06:46,12/01/2025,
Wenatchee,Bainbridge,Colman,07:05,07:06,07:39,12/01/2025,
Wenatchee,Colman,Bainbridge,07:55,07:58,08:29,12/01/2025,
Wenatchee,Bainbridge,Colman,08:45,08:46,09:19,12/01/2025,
Wenatchee,Colman,Bainbridge,09:35,09:39,10:11,12/01/2025,
Wenatchee,Bainbridge,Colman,10:25,10:26,11:05,12/01/2025,
Wenatchee,Colman,Bainbridge,11:25,11:29,12:00,12/01/2025,
Wenatchee,Bainbridge,Colman,12:20,12:21,12:54,12/01/2025,
Wenatchee,Colman,Bainbridge,13:10,13:13,13:44,12/01/2025,
Wenatchee,Bainbridge,Colman,14:05,14:05,14:36,12/01/2025,
Wenatchee,Colman,Bainbridge,15:00,15:02,15:34,12/01/2025,
Wenatchee,Bainbridge,Colman,15:50,15:53,16:23,12/01/2025,
Wenatchee,Colman,Bainbridge,16:45,16:47,17:18,12/01/2025,
Wenatchee,Bainbridge,Colman,17:35,17:36,18:07,12/01/2025,
Wenatchee,Colman,Bainbridge,18:30,18:32,19:15,12/01/2025,
Wenatchee,Bainbridge,Colman,19:20,19:23,19:55,12/01/2025,
Wenatchee,Colman,Bainbridge,20:15,20:17,20:49,12/01/2025,
Wenatchee,Bainbridge,Colman,21:00,21:01,21:31,12/01/2025,
Wenatchee,Colman,Bainbridge,22:05,22:07,22:39,12/01/2025,
Wenatchee,Bainbridge,Colman,05:20,05:21,05:52,12/02/2025,
Wenatchee,Colman,Bainbridge,06:10,06:11,06:46,12/02/2025,
Wenatchee,Bainbridge,Colman,07:05,07:06,07:36,12/02/2025,
Wenatchee,Colman,Bainbridge,07:55,07:56,08:26,12/02/2025,
Wenatchee,Bainbridge,Colman,08:45,08:47,09:16,12/02/2025,
Wenatchee,Colman,Bainbridge,09:35,09:36,10:05,12/02/2025,
Wenatchee,Bainbridge,Colman,10:25,10:26,10:58,12/02/2025,
Wenatchee,Colman,Bainbridge,11:25,11:26,11:55,12/02/2025,
Wenatchee,Bainbridge,Colman,12:20,12:21,12:53,12/02/2025,
Wenatchee,Colman,Bainbridge,13:10,13:12,13:41,12/02/2025,
Wenatchee,Bainbridge,Colman,14:05,14:06,14:37,12/02/2025,
Wenatchee,Colman,Bainbridge,15:00,15:01,15:33,12/02/2025,
Wenatchee,Bainbridge,Colman,15:50,16:16,16:31,12/02/2025,
Wenatchee,Colman,Bainbridge,16:45,16:50,17:23,12/02/2025,
Wenatchee,Bainbridge,Colman,17:35,17:39,18:10,12/02/2025,
Wenatchee,Colman,Bainbridge,18:30,18:32,19:05,12/02/2025,
Wenatchee,Bainbridge,Colman,19:20,19:20,19:53,12/02/2025,
Wenatchee,Colman,Bainbridge,20:15,20:16,20:49,12/02/2025,
Wenatchee,Bainbridge,Colman,21:00,21:01,21:33,12/02/2025,
Wenatchee,Colman,Bainbridge,22:05,22:11,22:43,12/02/2025,
Wenatchee,Bainbridge,Colman,04:45,04:47,05:21,12/03/2025,
Wenatchee,Colman,Bainbridge,05:30,05:30,06:04,12/03/2025,
Wenatchee,Bainbridge,Colman,06:20,06:22,06:53,12/03/2025,
Wenatchee,Colman,Bainbridge,07:05,07:08,07:42,12/03/2025,
Wenatchee,Bainbridge,Colman,07:55,07:56,08:28,12/03/2025,
Wenatchee,Colman,Bainbridge,08:45,09:12,09:19,12/03/2025,
Wenatchee,Bainbridge,Colman,09:40,09:41,10:12,12/03/2025,
Wenatchee,Colman,Bainbridge,10:40,10:42,11:18,12/03/2025,
Wenatchee,Bainbridge,Colman,11:30,11:33,12:05,12/03/2025,
Wenatchee,Colman,Bainbridge,12:25,12:27,12:58,12/03/2025,
Wenatchee,Bainbridge,Colman,13:15,13:17,13:49,12/03/2025,
Wenatchee,Colman,Bainbridge,14:05,14:07,14:40,12/03/2025,
Wenatchee,Bainbridge,Colman,14:55,14:56,15:27,12/03/2025,
Wenatchee,Colman,Bainbridge,15:50,15:51,16:23,12/03/2025,
Wenatchee,Bainbridge,Colman,16:45,16:46,17:17,12/03/2025,
Wenatchee,Colman,Bainbridge,17:45,17:49,18:20,12/03/2025,
Wenatchee,Bainbridge,Colman,18:40,18:40,19:11,12/03/2025,
Wenatchee,Colman,Bainbridge,19:30,19:33,20:05,12/03/2025,
Wenatchee,Bainbridge,Colman,20:20,20:21,20:52,12/03/2025,
Wenatchee,Colman,Bainbridge,21:20,21:22,21:53,12/03/2025,
Wenatchee,Bainbridge,Colman,22:00,22:01,22:32,12/03/2025,
Wenatchee,Colman,Bainbridge,22:50,22:52,23:24,12/03/2025,
Wenatchee,Bainbridge,Colman,23:30,23:31,00:03,12/03/2025,
Wenatchee,Colman,Bainbridge,00:15,00:17,00:47,12/04/2025,
Wenatchee,Bainbridge,Colman,00:55,00:56,01:26,12/04/2025,
Wenatchee,Colman,Bainbridge,01:35,01:36,02:08,12/04/2025,
Wenatchee,Bainbridge,Colman,04:45,04:46,05:16,12/04/2025,
Wenatchee,Colman,Bainbridge,05:30,05:31,06:02,12/04/2025,
Wenatchee,Bainbridge,Colman,06:20,06:22,06:51,12/04/2025,
Wenatchee,Colman,Bainbridge,07:05,07:07,07:37,12/04/2025,
Wenatchee,Bainbridge,Colman,07:55,07:58,08:28,12/04/2025,
Wenatchee,Colman,Bainbridge,08:45,08:46,09:18,12/04/2025,
Wenatchee,Bainbridge,Colman,09:40,09:42,10:11,12/04/2025,
Wenatchee,Colman,Bainbridge,10:40,10:42,11:12,12/04/2025,
Wenatchee,Bainbridge,Colman,11:30,11:30,12:02,12/04/2025,
Wenatchee,Colman,Bainbridge,12:25,12:27,12:58,12/04/2025,
Wenatchee,Bainbridge,Colman,13:15,13:16,13:46,12/04/2025,
Wenatchee,Colman,Bainbridge,14:05,14:07,14:38,12/04/2025,
Wenatchee,Bainbridge,Colman,14:55,14:55,15:34,12/04/2025,
Wenatchee,Colman,Bainbridge,15:50,16:08,16:23,12/04/2025,
Wenatchee,Bainbridge,Colman,16:45,16:45,17:16,12/04/2025,
Wenatchee,Colman,Bainbridge,17:45,17:47,18:19,12/04/2025,
Wenatchee,Bainbridge,Colman,18:40,18:42,19:12,12/04/2025,
Wenatchee,Colman,Bainbridge,19:30,19:35,20:04,12/04/2025,
Wenatchee,Bainbridge,Colman,20:20,20:21,20:49,12/04/2025,
Wenatchee,Colman,Bainbridge,21:20,21:21,21:54,12/04/2025,
Wenatchee,Bainbridge,Colman,22:00,22:02,22:36,12/04/2025,
Wenatchee,Colman,Bainbridge,22:50,22:52,23:24,12/04/2025,
Wenatchee,Bainbridge,Colman,23:30,23:31,00:05,12/04/2025,
Wenatchee,Colman,Bainbridge,00:15,00:17,00:57,12/05/2025,
Wenatchee,Bainbridge,Colman,00:55,00:57,01:27,12/05/2025,
Wenatchee,Colman,Bainbridge,01:35,01:36,02:08,12/05/2025,
Wenatchee,Bainbridge,Colman,04:45,04:45,05:17,12/05/2025,
Wenatchee,Colman,Bainbridge,05:30,05:32,06:03,12/05/2025,
Wenatchee,Bainbridge,Colman,06:20,06:21,06:52,12/05/2025,
Wenatchee,Colman,Bainbridge,07:05,07:07,07:38,12/05/2025,
Wenatchee,Bainbridge,Colman,07:55,07:56,08:29,12/05/2025,
Wenatchee,Colman,Bainbridge,08:45,08:48,09:32,12/05/2025,
Wenatchee,Bainbridge,Colman,09:40,09:41,10:17,12/05/2025,
Wenatchee,Colman,Bainbridge,10:40,10:44,11:15,12/05/2025,
Wenatchee,Bainbridge,Colman,11:30,11:37,12:09,12/05/2025,
Wenatchee,Colman,Bainbridge,12:25,12:35,13:11,12/05/2025,
Wenatchee,Bainbridge,Colman,13:15,13:22,13:52,12/05/2025,
Wenatchee,Colman,Bainbridge,14:05,14:11,14:42,12/05/2025,
Wenatchee,Bainbridge,Colman,14:55,15:04,15:33,12/05/2025,
Wenatchee,Colman,Bainbridge,15:50,15:58,16:34,12/05/2025,
Wenatchee,Bainbridge,Colman,16:45,16:49,17:19,12/05/2025,
Wenatchee,Colman,Bainbridge,17:45,17:47,18:18,12/05/2025,
Wenatchee,Bainbridge,Colman,18:40,18:41,19:12,12/05/2025,
Wenatchee,Colman,Bainbridge,19:30,19:31,20:18,12/05/2025,
Wenatchee,Bainbridge,Colman,20:20,20:20,20:52,12/05/2025,
Wenatchee,Colman,Bainbridge,21:20,21:22,22:02,12/05/2025,
Wenatchee,Bainbridge,Colman,22:00,22:04,22:39,12/05/2025,
Wenatchee,Colman,Bainbridge,22:50,22:52,23:26,12/05/2025,
Wenatchee,Bainbridge,Colman,23:30,23:34,00:06,12/05/2025,
Wenatchee,Colman,Bainbridge,00:15,00:18,00:51,12/06/2025,
Wenatchee,Bainbridge,Colman,00:55,00:57,01:29,12/06/2025,
Wenatchee,Colman,Bainbridge,01:35,01:38,02:16,12/06/2025,
Wenatchee,Bainbridge,Colman,07:55,07:55,08:26,12/06/2025,
Wenatchee,Colman,Bainbridge,08:55,08:57,09:29,12/06/2025,
Wenatchee,Bainbridge,Colman,09:45,09:45,10:17,12/06/2025,
Wenatchee,Colman,Bainbridge,10:40,10:42,11:16,12/06/2025,
Wenatchee,Bainbridge,Colman,11:35,11:35,12:06,12/06/2025,
Wenatchee,Colman,Bainbridge,12:30,12:33,13:12,12/06/2025,
Wenatchee,Bainbridge,Colman,13:20,13:23,13:53,12/06/2025,
Wenatchee,Colman,Bainbridge,14:10,14:15,14:52,12/06/2025,
Wenatchee,Bainbridge,Colman,15:00,15:09,15:38,12/06/2025,
Wenatchee,Colman,Bainbridge,15:50,16:00,16:36,12/06/2025,
Wenatchee,Bainbridge,Colman,16:40,16:51,17:23,12/06/2025,
Wenatchee,Colman,Bainbridge,17:35,17:43,18:18,12/06/2025,
Wenatchee,Bainbridge,Colman,18:30,18:31,19:03,12/06/2025,
Wenatchee,Colman,Bainbridge,21:00,21:02,21:33,12/06/2025,
Wenatchee,Bainbridge,Colman,21:45,21:46,22:19,12/06/2025,
Wenatchee,Colman,Bainbridge,22:40,22:45,23:22,12/06/2025,
Wenatchee,Colman,Bainbridge,08:55,08:58,09:29,12/07/2025,
Wenatchee,Bainbridge,Colman,09:45,09:46,10:13,12/07/2025,
Wenatchee,Colman,Bainbridge,10:40,10:42,11:16,12/07/2025,
Wenatchee,Bainbridge,Colman,11:35,11:36,12:04,12/07/2025,
Wenatchee,Colman,Bainbridge,12:30,12:30,13:03,12/07/2025,
Wenatchee,Bainbridge,Colman,13:20,13:21,13:53,12/07/2025,
Wenatchee,Colman,Bainbridge,14:10,14:12,14:45,12/07/2025,
Wenatchee,Bainbridge,Colman,15:00,15:02,15:31,12/07/2025,
Wenatchee,Colman,Bainbridge,15:50,15:51,16:25,12/07/2025,
Wenatchee,Bainbridge,Colman,16:40,16:42,17:15,12/07/2025,
Wenatchee,Colman,Bainbridge,17:35,17:37,18:08,12/07/2025,
Wenatchee,Bainbridge,Colman,18:30,18:31,19:02,12/07/2025,
Wenatchee,Colman,Bainbridge,19:20,19:21,19:53,12/07/2025,
Wenatchee,Bainbridge,Colman,20:10,20:10,20:41,12/07/2025,
Wenatchee,Colman,Bainbridge,21:00,21:02,21:34,12/07/2025,
Wenatchee,Bainbridge,Colman,21:45,21:46,22:17,12/07/2025,
Wenatchee,Colman,Bainbridge,22:40,22:43,23:15,12/07/2025,
Wenatchee,Bainbridge,Colman,04:45,04:47,05:18,12/08/2025,
Wenatchee,Colman,Bainbridge,05:30,05:32,06:03,12/08/2025,
Wenatchee,Bainbridge,Colman,06:20,06:21,06:53,12/08/2025,
Wenatchee,Colman,Bainbridge,07:05,07:08,07:40,12/08/2025,
Wenatchee,Bainbridge,Colman,07:55,08:01,08:32,12/08/2025,
Wenatchee,Colman,Bainbridge,08:45,08:47,09:19,12/08/2025,
Wenatchee,Bainbridge,Colman,09:40,09:41,10:12,12/08/2025,
Wenatchee,Colman,Bainbridge,10:40,10:42,11:14,12/08/2025,
Wenatchee,Bainbridge,Colman,11:30,11:32,12:02,12/08/2025,
Wenatchee,Colman,Bainbridge,12:25,12:25,12:58,12/08/2025,
Wenatchee,Bainbridge,Colman,13:15,13:15,13:46,12/08/2025,
Wenatchee,Colman,Bainbridge,14:05,14:07,14:45,12/08/2025,
Wenatchee,Bainbridge,Colman,14:55,14:56,15:26,12/08/2025,
Wenatchee,Colman,Bainbridge,15:50,15:52,16:24,12/08/2025,
Wenatchee,Bainbridge,Colman,16:45,16:46,17:17,12/08/2025,
Wenatchee,Colman,Bainbridge,17:45,17:46,18:17,12/08/2025,
Wenatchee,Bainbridge,Colman,18:40,18:41,19:11,12/08/2025,
Wenatchee,Colman,Bainbridge,19:30,19:32,20:04,12/08/2025,
Wenatchee,Bainbridge,Colman,20:20,20:20,20:50,12/08/2025,
Wenatchee,Colman,Bainbridge,21:20,21:21,21:52,12/08/2025,
Wenatchee,Bainbridge,Colman,22:00,22:01,22:31,12/08/2025,
Wenatchee,Colman,Bainbridge,22:50,22:52,23:22,12/08/2025,
Wenatchee,Bainbridge,Colman,23:30,23:31,00:02,12/08/2025,
Wenatchee,Colman,Bainbridge,00:15,00:16,00:47,12/09/2025,
Wenatchee,Bainbridge,Colman,00:55,00:55,01:26,12/09/2025,
Wenatchee,Colman,Bainbridge,01:35,01:36,02:06,12/09/2025,
Wenatchee,Bainbridge,Colman,04:45,04:58,05:31,12/09/2025,
Wenatchee,Colman,Bainbridge,05:30,05:41,06:13,12/09/2025,
Wenatchee,Bainbridge,Colman,06:20,06:28,06:58,12/09/2025,
Wenatchee,Colman,Bainbridge,07:05,07:13,07:44,12/09/2025,
Wenatchee,Bainbridge,Colman,07:55,07:57,08:29,12/09/2025,
Wenatchee,Colman,Bainbridge,08:45,08:46,09:17,12/09/2025,
Wenatchee,Bainbridge,Colman,09:40,09:41,10:13,12/09/2025,
Wenatchee,Colman,Bainbridge,10:40,10:42,11:14,12/09/2025,
Wenatchee,Bainbridge,Colman,11:30,11:31,12:01,12/09/2025,
Wenatchee,Colman,Bainbridge,12:25,12:26,12:58,12/09/2025,
Wenatchee,Bainbridge,Colman,13:15,13:16,13:45,12/09/2025,
Wenatchee,Colman,Bainbridge,14:05,14:06,14:37,12/09/2025,
Wenatchee,Bainbridge,Colman,14:55,15:01,15:33,12/09/2025,
Wenatchee,Colman,Bainbridge,15:50,16:00,16:27,12/09/2025,
Wenatchee,Bainbridge,Colman,18:40,18:40,19:11,12/09/2025,
Wenatchee,Colman,Bainbridge,19:30,19:31,20:05,12/09/2025,
Wenatchee,Bainbridge,Colman,20:20,20:20,20:51,12/09/2025,
Wenatchee,Colman,Bainbridge,22:50,23:17,23:32,12/09/2025,
Wenatchee,Bainbridge,Colman,23:30,23:31,23:40,12/09/2025,
Wenatchee,Colman,Bainbridge,00:15,00:15,00:22,12/10/2025,
Wenatchee,Bainbridge,Colman,00:55,00:52,00:56,12/10/2025,
Wenatchee,Colman,Bainbridge,01:35,01:41,02:12,12/10/2025,
Wenatchee,Bainbridge,Colman,05:20,05:22,05:52,12/10/2025,
Wenatchee,Colman,Bainbridge,06:10,06:11,06:43,12/10/2025,
Wenatchee,Bainbridge,Colman,07:05,07:07,07:36,12/10/2025,
Wenatchee,Colman,Bainbridge,07:55,07:57,08:28,12/10/2025,
Wenatchee,Bainbridge,Colman,08:45,08:46,09:18,12/10/2025,
Wenatchee,Colman,Bainbridge,09:35,09:36,10:16,12/10/2025,
Wenatchee,Bainbridge,Colman,10:25,10:49,10:57,12/10/2025,
Wenatchee,Colman,Bainbridge,11:25,11:26,11:58,12/10/2025,
Wenatchee,Bainbridge,Colman,12:20,12:20,12:55,12/10/2025,
Wenatchee,Colman,Bainbridge,13:10,13:12,13:44,12/10/2025,
Wenatchee,Bainbridge,Colman,14:05,14:06,14:37,12/10/2025,
Wenatchee,Colman,Bainbridge,15:00,15:02,15:33,12/10/2025,
Wenatchee,Bainbridge,Colman,15:50,15:52,16:23,12/10/2025,
Wenatchee,Colman,Bainbridge,16:45,16:47,17:18,12/10/2025,
Wenatchee,Bainbridge,Colman,17:35,17:39,18:10,12/10/2025,
Wenatchee,Colman,Bainbridge,18:30,18:32,19:03,12/10/2025,
Wenatchee,Bainbridge,Colman,19:20,19:21,19:52,12/10/2025,
Wenatchee,Colman,Bainbridge,20:15,20:18,20:50,12/10/2025,
Wenatchee,Bainbridge,Colman,21:00,21:00,21:35,12/10/2025,
Wenatchee,Colman,Bainbridge,22:05,22:07,22:38,12/10/2025,
Wenatchee,Bainbridge,Colman,05:20,05:21,05:54,12/11/2025,
Wenatchee,Colman,Bainbridge,06:10,06:11,06:42,12/11/2025,
Wenatchee,Bainbridge,Colman,07:05,07:07,07:38,12/11/2025,
Wenatchee,Colman,Bainbridge,07:55,07:56,08:32,12/11/2025,
Wenatchee,Bainbridge,Colman,08:45,08:50,09:22,12/11/2025,
Wenatchee,Colman,Bainbridge,09:35,09:37,10:08,12/11/2025,
Wenatchee,Bainbridge,Colman,10:25,10:27,10:59,12/11/2025,
Wenatchee,Colman,Bainbridge,11:25,11:27,12:01,12/11/2025,
Wenatchee,Bainbridge,Colman,12:20,12:22,12:54,12/11/2025,
Wenatchee,Colman,Bainbridge,13:10,13:12,13:43,12/11/2025,
Wenatchee,Bainbridge,Colman,14:05,14:06,14:37,12/11/2025,
Wenatchee,Colman,Bainbridge,15:00,15:06,15:38,12/11/2025,
Wenatchee,Bainbridge,Colman,15:50,15:58,16:55,12/11/2025,
Wenatchee,Colman,Bainbridge,18:30,19:02,19:05,12/11/2025,
Wenatchee,Bainbridge,Colman,19:20,19:21,19:51,12/11/2025,
Wenatchee,Colman,Bainbridge,20:15,20:15,20:53,12/11/2025,
Wenatchee,Bainbridge,Colman,21:00,21:00,21:32,12/11/2025,
Wenatchee,Bainbridge,Colman,22:00,22:23,22:32,12/11/2025,
Wenatchee,Colman,Bainbridge,22:05,22:08,22:12,12/11/2025,
Wenatchee,Bainbridge,Colman,05:20,05:21,05:54,12/12/2025,
Wenatchee,Colman,Bainbridge,06:10,06:12,06:43,12/12/2025,
Wenatchee,Bainbridge,Colman,07:05,07:06,07:40,12/12/2025,
Wenatchee,Colman,Bainbridge,07:55,07:57,08:28,12/12/2025,
Wenatchee,Bainbridge,Colman,08:45,08:47,09:20,12/12/2025,
Wenatchee,Colman,Bainbridge,09:35,09:39,10:09,12/12/2025,
Wenatchee,Bainbridge,Colman,10:25,10:33,11:04,12/12/2025,
Wenatchee,Colman,Bainbridge,11:25,11:27,11:59,12/12/2025,
Wenatchee,Bainbridge,Colman,12:20,12:20,12:54,12/12/2025,
Wenatchee,Colman,Bainbridge,13:10,13:17,13:46,12/12/2025,
Wenatchee,Bainbridge,Colman,14:05,14:06,14:36,12/12/2025,
Wenatchee,Colman,Bainbridge,15:00,15:03,15:34,12/12/2025,
Wenatchee,Bainbridge,Colman,15:50,15:54,16:25,12/12/2025,
Wenatchee,Colman,Bainbridge,16:45,16:47,17:20,12/12/2025,
Wenatchee,Bainbridge,Colman,17:35,17:40,18:09,12/12/2025,
Wenatchee,Colman,Bainbridge,18:30,18:32,19:04,12/12/2025,
Wenatchee,Bainbridge,Colman,19:20,19:21,19:52,12/12/2025,
Wenatchee,Colman,Bainbridge,20:15,20:17,20:48,12/12/2025,
Wenatchee,Bainbridge,Colman,21:00,21:00,21:32,12/12/2025,
Wenatchee,Colman,Bainbridge,22:05,22:07,22:38,12/12/2025,
Wenatchee,Bainbridge,Colman,05:20,05:21,05:53,12/13/2025,
Wenatchee,Colman,Bainbridge,06:10,06:12,06:44,12/13/2025,
Wenatchee,Bainbridge,Colman,07:05,07:06,07:38,12/13/2025,
Wenatchee,Colman,Bainbridge,07:55,07:56,08:28,12/13/2025,
Wenatchee,Bainbridge,Colman,08:45,08:46,09:19,12/13/2025,
Wenatchee,Colman,Bainbridge,09:35,09:36,10:08,12/13/2025,
Wenatchee,Bainbridge,Colman,10:25,10:26,10:58,12/13/2025,
Wenatchee,Colman,Bainbridge,11:25,11:30,12:00,12/13/2025,
Wenatchee,Bainbridge,Colman,12:20,12:21,12:50,12/13/2025,
Wenatchee,Colman,Bainbridge,13:15,13:17,13:49,12/13/2025,
Wenatchee,Bainbridge,Colman,14:10,14:10,14:42,12/13/2025,
Wenatchee,Colman,Bainbridge,15:05,15:13,15:46,12/13/2025,
Wenatchee,Bainbridge,Colman,15:55,16:07,16:39,12/13/2025,
Wenatchee,Colman,Bainbridge,16:45,17:02,17:35,12/13/2025,
Wenatchee,Bainbridge,Colman,17:35,17:59,18:28,12/13/2025,
Wenatchee,Colman,Bainbridge,18:25,18:52,19:26,12/13/2025,
Wenatchee,Bainbridge,Colman,19:15,19:40,20:11,12/13/2025,
Wenatchee,Colman,Bainbridge,20:10,20:27,20:58,12/13/2025,
Wenatchee,Bainbridge,Colman,20:55,21:12,21:44,12/13/2025,
Wenatchee,Colman,Bainbridge,21:45,22:07,22:38,12/13/2025,
Wenatchee,Bainbridge,Colman,22:30,22:49,23:21,12/13/2025,
Wenatchee,Colman,Bainbridge,23:15,23:35,00:05,12/13/2025,
Wenatchee,Bainbridge,Colman,00:00,00:29,01:01,12/14/2025,
Wenatchee,Colman,Bainbridge,00:45,01:12,01:44,12/14/2025,
Wenatchee,Bainbridge,Colman,01:25,01:52,02:24,12/14/2025,
Wenatchee,Colman,Bainbridge,02:10,02:35,03:06,12/14/2025,
Wenatchee,Bainbridge,Colman,05:20,05:21,05:53,12/14/2025,
Wenatchee,Colman,Bainbridge,06:10,06:13,06:45,12/14/2025,
Wenatchee,Bainbridge,Colman,07:05,07:06,07:39,12/14/2025,
Wenatchee,Colman,Bainbridge,07:55,07:58,08:29,12/14/2025,
Wenatchee,Bainbridge,Colman,08:45,08:46,09:18,12/14/2025,
Wenatchee,Colman,Bainbridge,09:35,09:36,10:11,12/14/2025,
Wenatchee,Bainbridge,Colman,10:25,10:27,11:00,12/14/2025,
Wenatchee,Colman,Bainbridge,11:25,11:27,11:59,12/14/2025,
Wenatchee,Bainbridge,Colman,12:20,12:21,12:52,12/14/2025,
Wenatchee,Colman,Bainbridge,13:15,13:17,13:47,12/14/2025,
Wenatchee,Bainbridge,Colman,14:10,14:11,14:40,12/14/2025,
Wenatchee,Colman,Bainbridge,15:05,15:08,15:39,12/14/2025,
Wenatchee,Bainbridge,Colman,15:55,15:56,16:26,12/14/2025,
Wenatchee,Colman,Bainbridge,16:45,16:48,17:19,12/14/2025,
Wenatchee,Bainbridge,Colman,17:35,17:38,18:07,12/14/2025,
Wenatchee,Colman,Bainbridge,18:25,18:27,18:56,12/14/2025,
Wenatchee,Bainbridge,Colman,19:15,19:16,19:49,12/14/2025,
Wenatchee,Colman,Bainbridge,20:10,20:14,20:45,12/14/2025,
Wenatchee,Bainbridge,Colman,20:55,20:57,21:30,12/14/2025,
Wenatchee,Colman,Bainbridge,21:45,21:50,22:22,12/14/2025,
Wenatchee,Bainbridge,Colman,22:30,22:30,23:04,12/14/2025,
Wenatchee,Colman,Bainbridge,23:15,23:18,23:50,12/14/2025,
Wenatchee,Bainbridge,Colman,00:00,00:00,00:33,12/15/2025,
Wenatchee,Colman,Bainbridge,00:45,00:46,01:17,12/15/2025,
Wenatchee,Bainbridge,Colman,01:25,01:26,01:59,12/15/2025,
Wenatchee,Colman,Bainbridge,02:10,02:11,02:43,12/15/2025,
Wenatchee,Bainbridge,Colman,05:20,05:21,05:53,12/15/2025,
Wenatchee,Colman,Bainbridge,06:10,06:11,06:44,12/15/2025,
Wenatchee,Bainbridge,Colman,07:05,07:06,07:38,12/15/2025,
Wenatchee,Colman,Bainbridge,07:55,07:57,08:29,12/15/2025,
Wenatchee,Bainbridge,Colman,08:45,08:45,09:18,12/15/2025,
Wenatchee,Colman,Bainbridge,09:35,09:37,10:08,12/15/2025,
Wenatchee,Bainbridge,Colman,10:25,10:27,11:00,12/15/2025,
Wenatchee,Colman,Bainbridge,11:25,11:26,12:05,12/15/2025,
Wenatchee,Bainbridge,Colman,12:20,12:20,12:53,12/15/2025,
Wenatchee,Colman,Bainbridge,13:10,13:12,13:43,12/15/2025,
Wenatchee,Bainbridge,Colman,14:05,14:07,14:36,12/15/2025,
Wenatchee,Colman,Bainbridge,15:00,15:02,15:39,12/15/2025,
Wenatchee,Bainbridge,Colman,15:50,15:53,16:23,12/15/2025,
Wenatchee,Colman,Bainbridge,16:45,16:46,17:19,12/15/2025,
Wenatchee,Bainbridge,Colman,17:35,17:36,18:07,12/15/2025,
Wenatchee,Colman,Bainbridge,18:30,18:35,19:08,12/15/2025,
Wenatchee,Bainbridge,Colman,19:20,19:20,19:53,12/15/2025,
Wenatchee,Colman,Bainbridge,20:15,20:17,20:49,12/15/2025,
Wenatchee,Bainbridge,Colman,21:00,21:01,21:33,12/15/2025,
Wenatchee,Colman,Bainbridge,22:05,22:05,22:39,12/15/2025,
Wenatchee,Bainbridge,Colman,10:25,10:30,11:02,12/16/2025,
Wenatchee,Colman,Bainbridge,11:25,11:26,12:02,12/16/2025,
Wenatchee,Bainbridge,Colman,12:20,12:23,12:51,12/16/2025,
Wenatchee,Colman,Bainbridge,13:10,13:11,13:52,12/16/2025,
Wenatchee,Bainbridge,Colman,14:05,14:07,14:37,12/16/2025,
Wenatchee,Colman,Bainbridge,15:00,15:02,15:35,12/16/2025,
Wenatchee,Bainbridge,Colman,15:50,16:05,16:33,12/16/2025,
Wenatchee,Colman,Bainbridge,16:45,16:57,17:24,12/16/2025,
Wenatchee,Bainbridge,Colman,17:35,17:40,18:10,12/16/2025,
Wenatchee,Colman,Bainbridge,18:30,18:31,19:03,12/16/2025,
Wenatchee,Bainbridge,Colman,19:20,19:21,20:04,12/16/2025,
Wenatchee,Colman,Bainbridge,20:15,20:17,20:47,12/16/2025,
Wenatchee,Bainbridge,Colman,21:00,21:00,21:33,12/16/2025,
Wenatchee,Bainbridge,Colman,04:45,04:47,05:21,12/17/2025,
Wenatchee,Colman,Bainbridge,05:30,05:32,06:04,12/17/2025,
Wenatchee,Bainbridge,Colman,06:20,06:20,06:52,12/17/2025,
Wenatchee,Colman,Bainbridge,07:05,07:07,07:40,12/17/2025,
Wenatchee,Bainbridge,Colman,07:55,07:55,08:25,12/17/2025,
Wenatchee,Colman,Bainbridge,08:45,09:17,09:21,12/17/2025,
Wenatchee,Bainbridge,Colman,09:40,09:41,10:10,12/17/2025,
Wenatchee,Colman,Bainbridge,10:40,10:44,11:14,12/17/2025,
Wenatchee,Bainbridge,Colman,11:30,11:47,12:17,12/17/2025,
Wenatchee,Colman,Bainbridge,12:25,12:36,13:06,12/17/2025,
Wenatchee,Bainbridge,Colman,13:15,13:22,13:52,12/17/2025,
Wenatchee,Colman,Bainbridge,14:05,14:09,14:56,12/17/2025,
Wenatchee,Bainbridge,Colman,14:55,14:57,15:28,12/17/2025,
Wenatchee,Colman,Bainbridge,15:50,15:51,16:23,12/17/2025,
Wenatchee,Bainbridge,Colman,16:45,16:47,17:17,12/17/2025,
Wenatchee,Colman,Bainbridge,17:45,17:49,18:19,12/17/2025,
Wenatchee,Bainbridge,Colman,18:40,18:46,19:16,12/17/2025,
Wenatchee,Colman,Bainbridge,19:30,19:35,20:05,12/17/2025,
Wenatchee,Bainbridge,Colman,20:20,20:20,20:52,12/17/2025,
Wenatchee,Colman,Bainbridge,21:20,21:22,21:52,12/17/2025,
Wenatchee,Bainbridge,Colman,22:00,22:01,22:33,12/17/2025,
Wenatchee,Colman,Bainbridge,22:50,22:51,23:25,12/17/2025,
Wenatchee,Bainbridge,Colman,23:30,23:30,00:01,12/17/2025,
Wenatchee,Colman,Bainbridge,00:15,00:16,00:47,12/18/2025,
Wenatchee,Bainbridge,Colman,00:55,00:55,01:26,12/18/2025,
Wenatchee,Colman,Bainbridge,01:35,01:36,02:06,12/18/2025,
Wenatchee,Bainbridge,Colman,04:45,04:46,05:16,12/18/2025,
Wenatchee,Colman,Bainbridge,05:30,05:32,06:03,12/18/2025,
Wenatchee,Bainbridge,Colman,06:20,06:21,06:50,12/18/2025,
Wenatchee,Colman,Bainbridge,07:05,07:06,07:38,12/18/2025,
Wenatchee,Bainbridge,Colman,07:55,07:56,08:28,12/18/2025,
Wenatchee,Colman,Bainbridge,08:45,08:46,09:18,12/18/2025,
Wenatchee,Bainbridge,Colman,09:40,09:42,10:13,12/18/2025,
Wenatchee,Colman,Bainbridge,10:40,10:42,11:13,12/18/2025,
Wenatchee,Bainbridge,Colman,11:30,11:31,12:02,12/18/2025,
Wenatchee,Colman,Bainbridge,12:25,12:25,12:57,12/18/2025,
Wenatchee,Bainbridge,Colman,13:15,13:17,13:47,12/18/2025,
Wenatchee,Colman,Bainbridge,14:05,14:06,14:38,12/18/2025,
Wenatchee,Bainbridge,Colman,14:55,14:56,15:26,12/18/2025,
Wenatchee,Colman,Bainbridge,15:50,15:51,16:33,12/18/2025,
Wenatchee,Bainbridge,Colman,16:45,17:07,17:16,12/18/2025,
Wenatchee,Colman,Bainbridge,17:45,17:49,18:26,12/18/2025,
Wenatchee,Bainbridge,Colman,18:40,18:41,19:14,12/18/2025,
Wenatchee,Colman,Bainbridge,19:30,19:32,20:21,12/18/2025,
Wenatchee,Bainbridge,Colman,20:20,20:21,20:56,12/18/2025,
Wenatchee,Colman,Bainbridge,21:20,21:23,21:59,12/18/2025,
Wenatchee,Bainbridge,Colman,22:00,22:07,22:40,12/18/2025,
Wenatchee,Colman,Bainbridge,22:50,22:52,23:31,12/18/2025,
Wenatchee,Bainbridge,Colman,23:30,23:40,00:17,12/18/2025,
Wenatchee,Colman,Bainbridge,00:15,00:29,01:01,12/19/2025,
Wenatchee,Bainbridge,Colman,00:55,01:10,01:43,12/19/2025,
Wenatchee,Colman,Bainbridge,01:35,01:54,02:33,12/19/2025,
Wenatchee,Bainbridge,Colman,04:45,04:45,05:19,12/19/2025,
Wenatchee,Colman,Bainbridge,05:30,05:32,06:03,12/19/2025,
Wenatchee,Bainbridge,Colman,06:20,06:21,06:53,12/19/2025,
Wenatchee,Colman,Bainbridge,07:05,07:06,07:38,12/19/2025,
Wenatchee,Bainbridge,Colman,07:55,07:55,08:28,12/19/2025,
Wenatchee,Colman,Bainbridge,08:45,08:47,09:17,12/19/2025,
Wenatchee,Bainbridge,Colman,09:40,09:40,10:12,12/19/2025,
Wenatchee,Colman,Bainbridge,10:40,10:43,11:13,12/19/2025,
Wenatchee,Bainbridge,Colman,11:30,11:33,12:00,12/19/2025,
Wenatchee,Colman,Bainbridge,12:25,12:28,13:00,12/19/2025,
Wenatchee,Bainbridge,Colman,13:15,13:15,13:46,12/19/2025,
Wenatchee,Colman,Bainbridge,14:05,14:07,14:49,12/19/2025,
Wenatchee,Bainbridge,Colman,14:55,14:56,15:26,12/19/2025,
Wenatchee,Colman,Bainbridge,15:50,15:53,16:23,12/19/2025,
Wenatchee,Bainbridge,Colman,16:45,16:48,17:18,12/19/2025,
Wenatchee,Colman,Bainbridge,17:45,17:47,18:19,12/19/2025,
Wenatchee,Bainbridge,Colman,18:40,18:42,19:12,12/19/2025,
Wenatchee,Colman,Bainbridge,19:30,19:33,20:04,12/19/2025,
Wenatchee,Bainbridge,Colman,20:20,20:21,20:54,12/19/2025,
Wenatchee,Colman,Bainbridge,21:20,21:22,21:59,12/19/2025,
Wenatchee,Bainbridge,Colman,22:00,22:04,22:40,12/19/2025,
Wenatchee,Colman,Bainbridge,22:50,22:52,23:27,12/19/2025,
Wenatchee,Bainbridge,Colman,23:30,23:33,00:04,12/19/2025,
Wenatchee,Colman,Bainbridge,00:15,00:19,00:49,12/20/2025,
Wenatchee,Bainbridge,Colman,00:55,01:12,01:42,12/20/2025,
Wenatchee,Colman,Bainbridge,01:35,01:52,02:23,12/20/2025,
Wenatchee,Bainbridge,Colman,05:20,05:22,05:54,12/20/2025,
Wenatchee,Colman,Bainbridge,06:10,06:12,06:43,12/20/2025,
Wenatchee,Bainbridge,Colman,07:05,07:06,07:37,12/20/2025,
Wenatchee,Colman,Bainbridge,07:55,07:56,08:28,12/20/2025,
Wenatchee,Bainbridge,Colman,08:45,08:46,09:18,12/20/2025,
Wenatchee,Colman,Bainbridge,09:35,09:37,10:09,12/20/2025,
Wenatchee,Bainbridge,Colman,10:25,10:26,10:59,12/20/2025,
Wenatchee,Colman,Bainbridge,11:25,11:27,11:59,12/20/2025,
Wenatchee,Bainbridge,Colman,12:20,12:21,12:51,12/20/2025,
Wenatchee,Colman,Bainbridge,13:15,13:16,13:48,12/20/2025,
Wenatchee,Bainbridge,Colman,14:10,14:10,14:41,12/20/2025,
Wenatchee,Colman,Bainbridge,15:05,15:08,15:39,12/20/2025,
Wenatchee,Bainbridge,Colman,15:55,15:58,16:28,12/20/2025,
Wenatchee,Colman,Bainbridge,16:45,16:47,17:20,12/20/2025,
Wenatchee,Bainbridge,Colman,17:35,17:36,18:06,12/20/2025,
Wenatchee,Colman,Bainbridge,18:25,18:27,18:59,12/20/2025,
Wenatchee,Bainbridge,Colman,19:15,19:15,19:47,12/20/2025,
Wenatchee,Colman,Bainbridge,20:10,20:12,20:43,12/20/2025,
Wenatchee,Bainbridge,Colman,20:55,20:57,21:28,12/20/2025,
Wenatchee,Colman,Bainbridge,21:45,21:50,22:20,12/20/2025,
Wenatchee,Bainbridge,Colman,22:30,22:31,23:02,12/20/2025,
Wenatchee,Colman,Bainbridge,23:15,23:16,23:48,12/20/2025,
Wenatchee,Bainbridge,Colman,00:00,00:01,00:33,12/21/2025,
Wenatchee,Colman,Bainbridge,00:45,00:46,01:17,12/21/2025,
Wenatchee,Bainbridge,Colman,01:25,01:27,01:59,12/21/2025,
Wenatchee,Colman,Bainbridge,02:10,02:11,02:42,12/21/2025,
Wenatchee,Colman,Bainbridge,08:55,09:02,09:34,12/21/2025,
Wenatchee,Bainbridge,Colman,09:45,09:46,10:16,12/21/2025,
Wenatchee,Colman,Bainbridge,10:40,10:42,11:13,12/21/2025,
Wenatchee,Bainbridge,Colman,11:35,11:41,12:11,12/21/2025,
Wenatchee,Colman,Bainbridge,12:30,12:35,13:06,12/21/2025,
Wenatchee,Bainbridge,Colman,13:20,13:22,13:54,12/21/2025,
Wenatchee,Colman,Bainbridge,14:10,14:12,14:44,12/21/2025,
Wenatchee,Bainbridge,Colman,15:00,15:02,15:33,12/21/2025,
Wenatchee,Colman,Bainbridge,15:50,15:52,16:23,12/21/2025,
Wenatchee,Bainbridge,Colman,16:40,16:42,17:12,12/21/2025,
Wenatchee,Colman,Bainbridge,17:35,17:37,18:08,12/21/2025,
Wenatchee,Bainbridge,Colman,18:30,18:30,19:01,12/21/2025,
Wenatchee,Colman,Bainbridge,19:20,19:22,19:53,12/21/2025,
Wenatchee,Bainbridge,Colman,20:10,20:11,20:41,12/21/2025,
Wenatchee,Colman,Bainbridge,21:00,21:01,21:32,12/21/2025,
Wenatchee,Bainbridge,Colman,21:45,21:46,22:17,12/21/2025,
Wenatchee,Colman,Bainbridge,22:40,22:45,23:16,12/21/2025,
Wenatchee,Bainbridge,Colman,04:45,04:46,05:18,12/22/2025,
Wenatchee,Colman,Bainbridge,05:30,05:31,06:03,12/22/2025,
Wenatchee,Bainbridge,Colman,06:20,06:21,06:52,12/22/2025,
Wenatchee,Colman,Bainbridge,07:05,07:06,07:37,12/22/2025,
Wenatchee,Bainbridge,Colman,07:55,07:57,08:31,12/22/2025,
Wenatchee,Colman,Bainbridge,08:45,08:48,09:20,12/22/2025,
Wenatchee,Bainbridge,Colman,09:40,09:42,10:12,12/22/2025,
Wenatchee,Colman,Bainbridge,10:40,10:41,11:13,12/22/2025,
Wenatchee,Bainbridge,Colman,11:30,11:34,12:08,12/22/2025,
Wenatchee,Colman,Bainbridge,12:25,12:36,13:07,12/22/2025,
Wenatchee,Bainbridge,Colman,13:15,13:32,14:01,12/22/2025,
Wenatchee,Colman,Bainbridge,14:05,14:27,14:58,12/22/2025,
Wenatchee,Bainbridge,Colman,14:55,15:25,15:56,12/22/2025,
Wenatchee,Colman,Bainbridge,15:50,16:30,17:03,12/22/2025,
Wenatchee,Bainbridge,Colman,16:45,17:28,17:58,12/22/2025,
Wenatchee,Colman,Bainbridge,17:45,18:29,19:00,12/22/2025,
Wenatchee,Bainbridge,Colman,18:40,19:23,19:54,12/22/2025,
Wenatchee,Colman,Bainbridge,19:30,20:21,20:55,12/22/2025,
Wenatchee,Bainbridge,Colman,20:20,21:09,21:41,12/22/2025,
Wenatchee,Colman,Bainbridge,21:20,22:13,22:44,12/22/2025,
Wenatchee,Bainbridge,Colman,22:00,22:53,23:26,12/22/2025,
Wenatchee,Colman,Bainbridge,22:50,23:45,00:16,12/22/2025,
Wenatchee,Bainbridge,Colman,00:55,00:56,01:26,12/23/2025,
Wenatchee,Colman,Bainbridge,01:35,01:38,02:08,12/23/2025,
Wenatchee,Bainbridge,Colman,04:45,04:46,05:18,12/23/2025,
Wenatchee,Colman,Bainbridge,05:30,05:31,06:04,12/23/2025,
Wenatchee,Bainbridge,Colman,06:20,06:22,06:53,12/23/2025,
Wenatchee,Colman,Bainbridge,07:05,07:07,07:38,12/23/2025,
Wenatchee,Bainbridge,Colman,07:55,07:56,08:28,12/23/2025,
Wenatchee,Colman,Bainbridge,08:45,08:46,09:18,12/23/2025,
Wenatchee,Bainbridge,Colman,09:40,09:42,10:14,12/23/2025,
Wenatchee,Colman,Bainbridge,10:40,10:43,11:18,12/23/2025,
Wenatchee,Bainbridge,Colman,11:30,11:38,12:09,12/23/2025,
Wenatchee,Colman,Bainbridge,12:25,12:36,13:13,12/23/2025,
Wenatchee,Bainbridge,Colman,13:15,13:32,14:02,12/23/2025,
Wenatchee,Colman,Bainbridge,14:05,14:23,14:53,12/23/2025,
Wenatchee,Bainbridge,Colman,14:55,15:11,15:41,12/23/2025,
Wenatchee,Colman,Bainbridge,15:50,16:04,16:35,12/23/2025,
Wenatchee,Bainbridge,Colman,16:45,16:57,17:28,12/23/2025,
Wenatchee,Colman,Bainbridge,17:45,18:00,18:26,12/23/2025,
Wenatchee,Bainbridge,Colman,18:40,18:47,19:19,12/23/2025,
Wenatchee,Colman,Bainbridge,19:30,19:33,20:07,12/23/2025,
Wenatchee,Bainbridge,Colman,20:20,20:21,20:53,12/23/2025,
Wenatchee,Colman,Bainbridge,21:20,21:25,22:01,12/23/2025,
Wenatchee,Bainbridge,Colman,22:00,22:08,22:44,12/23/2025,
Wenatchee,Colman,Bainbridge,22:50,22:50,23:24,12/23/2025,
Wenatchee,Bainbridge,Colman,23:30,23:31,00:03,12/23/2025,
Wenatchee,Colman,Bainbridge,00:15,00:51,00:53,12/24/2025,
Wenatchee,Bainbridge,Colman,00:55,01:00,01:01,12/24/2025,
Wenatchee,Colman,Bainbridge,01:35,01:58,02:17,12/24/2025,
Wenatchee,Bainbridge,Colman,05:20,05:21,05:51,12/24/2025,
Wenatchee,Colman,Bainbridge,06:10,06:12,06:42,12/24/2025,
Wenatchee,Bainbridge,Colman,07:05,07:07,07:37,12/24/2025,
Wenatchee,Colman,Bainbridge,07:55,07:57,08:31,12/24/2025,
Wenatchee,Bainbridge,Colman,08:45,08:47,09:18,12/24/2025,
Wenatchee,Colman,Bainbridge,09:35,09:37,10:06,12/24/2025,
Wenatchee,Bainbridge,Colman,10:25,10:26,10:56,12/24/2025,
Wenatchee,Colman,Bainbridge,11:25,11:27,11:56,12/24/2025,
Wenatchee,Bainbridge,Colman,12:20,12:21,12:53,12/24/2025,
Wenatchee,Colman,Bainbridge,13:10,13:15,13:49,12/24/2025,
Wenatchee,Bainbridge,Colman,14:05,14:13,14:37,12/24/2025,
Wenatchee,Colman,Bainbridge,15:00,15:01,15:36,12/24/2025,
Wenatchee,Bainbridge,Colman,15:50,15:52,16:25,12/24/2025,
Wenatchee,Colman,Bainbridge,16:45,16:46,17:26,12/24/2025,
Wenatchee,Bainbridge,Colman,17:35,17:40,18:11,12/24/2025,
Wenatchee,Colman,Bainbridge,18:30,18:33,19:08,12/24/2025,
Wenatchee,Bainbridge,Colman,19:20,19:21,19:53,12/24/2025,
Wenatchee,Colman,Bainbridge,20:15,20:17,20:48,12/24/2025,
Wenatchee,Bainbridge,Colman,21:00,21:02,21:35,12/24/2025,
Wenatchee,Colman,Bainbridge,22:05,22:07,22:37,12/24/2025,
Wenatchee,Bainbridge,Colman,07:55,07:57,08:29,12/25/2025,
Wenatchee,Colman,Bainbridge,08:55,08:57,09:31,12/25/2025,
Wenatchee,Bainbridge,Colman,09:45,09:45,10:17,12/25/2025,
Wenatchee,Colman,Bainbridge,10:40,10:42,11:15,12/25/2025,
Wenatchee,Bainbridge,Colman,11:35,11:36,12:09,12/25/2025,
Wenatchee,Colman,Bainbridge,12:30,12:33,13:12,12/25/2025,
Wenatchee,Bainbridge,Colman,13:20,13:30,14:01,12/25/2025,
Wenatchee,Colman,Bainbridge,14:10,14:21,14:55,12/25/2025,
Wenatchee,Bainbridge,Colman,15:00,15:11,15:42,12/25/2025,
Wenatchee,Colman,Bainbridge,15:50,15:58,16:29,12/25/2025,
Wenatchee,Bainbridge,Colman,16:40,16:43,17:13,12/25/2025,
Wenatchee,Colman,Bainbridge,17:35,17:36,18:09,12/25/2025,
Wenatchee,Bainbridge,Colman,18:30,18:30,19:02,12/25/2025,
Wenatchee,Colman,Bainbridge,19:20,19:44,19:55,12/25/2025,
Wenatchee,Bainbridge,Colman,20:10,20:12,20:42,12/25/2025,
Wenatchee,Colman,Bainbridge,21:00,21:02,21:34,12/25/2025,
Wenatchee,Bainbridge,Colman,21:45,21:46,22:15,12/25/2025,
Wenatchee,Colman,Bainbridge,22:40,22:42,23:13,12/25/2025,
Wenatchee,Bainbridge,Colman,05:20,05:22,05:54,12/26/2025,
Wenatchee,Colman,Bainbridge,06:10,06:12,06:44,12/26/2025,
Wenatchee,Bainbridge,Colman,07:05,07:06,07:39,12/26/2025,
Wenatchee,Colman,Bainbridge,07:55,07:57,08:28,12/26/2025,
Wenatchee,Bainbridge,Colman,08:45,08:45,09:18,12/26/2025,
Wenatchee,Colman,Bainbridge,09:35,09:35,10:08,12/26/2025,
Wenatchee,Bainbridge,Colman,10:25,10:29,11:01,12/26/2025,
Wenatchee,Colman,Bainbridge,11:25,11:27,12:00,12/26/2025,
Wenatchee,Bainbridge,Colman,12:20,12:23,12:54,12/26/2025,
Wenatchee,Colman,Bainbridge,13:10,13:20,13:52,12/26/2025,
Wenatchee,Bainbridge,Colman,14:05,14:16,14:50,12/26/2025,
Wenatchee,Colman,Bainbridge,15:00,15:17,15:50,12/26/2025,
Wenatchee,Bainbridge,Colman,15:50,16:11,16:41,12/26/2025,
Wenatchee,Colman,Bainbridge,16:45,17:01,17:33,12/26/2025,
Wenatchee,Bainbridge,Colman,17:35,17:53,18:23,12/26/2025,
Wenatchee,Colman,Bainbridge,18:30,18:38,19:09,12/26/2025,
Wenatchee,Bainbridge,Colman,19:20,19:21,19:52,12/26/2025,
Wenatchee,Colman,Bainbridge,20:15,20:17,20:50,12/26/2025,
Wenatchee,Bainbridge,Colman,21:00,21:00,21:32,12/26/2025,
Wenatchee,Colman,Bainbridge,22:05,22:07,22:39,12/26/2025,
Wenatchee,Bainbridge,Colman,05:20,05:23,05:57,12/27/2025,
Wenatchee,Colman,Bainbridge,06:10,06:11,06:43,12/27/2025,
Wenatchee,Bainbridge,Colman,07:05,07:05,07:38,12/27/2025,
Wenatchee,Colman,Bainbridge,07:55,07:57,08:29,12/27/2025,
Wenatchee,Bainbridge,Colman,08:45,08:46,09:18,12/27/2025,
Wenatchee,Colman,Bainbridge,09:35,09:36,10:13,12/27/2025,
Wenatchee,Bainbridge,Colman,10:25,10:37,11:09,12/27/2025,
Wenatchee,Colman,Bainbridge,11:25,11:38,12:10,12/27/2025,
Wenatchee,Bainbridge,Colman,12:20,12:33,13:04,12/27/2025,
Wenatchee,Colman,Bainbridge,13:15,13:29,14:02,12/27/2025,
Wenatchee,Bainbridge,Colman,14:10,14:24,14:57,12/27/2025,
Wenatchee,Colman,Bainbridge,15:05,15:24,15:56,12/27/2025,
Wenatchee,Bainbridge,Colman,15:55,16:27,16:59,12/27/2025,
Wenatchee,Colman,Bainbridge,16:45,17:26,17:58,12/27/2025,
Wenatchee,Bainbridge,Colman,17:35,18:23,18:54,12/27/2025,
Wenatchee,Colman,Bainbridge,19:20,19:17,19:49,12/27/2025,
Wenatchee,Bainbridge,Colman,20:10,20:10,20:42,12/27/2025,
Wenatchee,Colman,Bainbridge,21:00,21:07,21:39,12/27/2025,
Wenatchee,Bainbridge,Colman,21:45,21:50,22:22,12/27/2025,
Wenatchee,Colman,Bainbridge,22:40,22:43,23:15,12/27/2025,
Wenatchee,Bainbridge,Colman,00:00,00:16,01:02,12/28/2025,
Wenatchee,Colman,Bainbridge,00:45,01:16,01:48,12/28/2025,
Wenatchee,Bainbridge,Colman,05:20,05:21,05:51,12/28/2025,
Wenatchee,Colman,Bainbridge,06:10,06:11,06:44,12/28/2025,
Wenatchee,Bainbridge,Colman,07:05,07:06,07:35,12/28/2025,
Wenatchee,Colman,Bainbridge,07:55,07:58,08:31,12/28/2025,
Wenatchee,Bainbridge,Colman,08:45,08:46,09:16,12/28/2025,
Wenatchee,Colman,Bainbridge,09:35,09:37,10:17,12/28/2025,
Wenatchee,Bainbridge,Colman,10:25,10:38,11:07,12/28/2025,
Wenatchee,Colman,Bainbridge,11:25,11:39,12:15,12/28/2025,
Wenatchee,Bainbridge,Colman,12:20,12:31,13:03,12/28/2025,
Wenatchee,Colman,Bainbridge,13:15,13:18,13:54,12/28/2025,
Wenatchee,Bainbridge,Colman,14:10,14:11,14:43,12/28/2025,
Wenatchee,Colman,Bainbridge,15:05,15:08,15:45,12/28/2025,
Wenatchee,Bainbridge,Colman,15:55,16:04,16:36,12/28/2025,
Wenatchee,Colman,Bainbridge,16:45,16:56,17:31,12/28/2025,
Wenatchee,Bainbridge,Colman,17:35,17:53,18:25,12/28/2025,
Wenatchee,Colman,Bainbridge,18:25,18:44,19:17,12/28/2025,
Wenatchee,Bainbridge,Colman,19:15,19:32,20:03,12/28/2025,
Wenatchee,Colman,Bainbridge,20:10,20:17,20:50,12/28/2025,
Wenatchee,Bainbridge,Colman,20:55,20:59,21:31,12/28/2025,
Wenatchee,Colman,Bainbridge,21:45,21:50,22:25,12/28/2025,
Wenatchee,Bainbridge,Colman,22:30,22:33,23:05,12/28/2025,
Wenatchee,Colman,Bainbridge,23:15,23:17,23:50,12/28/2025,
Wenatchee,Bainbridge,Colman,00:15,00:15,01:01,12/29/2025,
Wenatchee,Colman,Bainbridge,01:05,01:11,01:48,12/29/2025,
Wenatchee,Bainbridge,Colman,01:45,01:56,02:28,12/29/2025,
Wenatchee,Bainbridge,Colman,05:20,05:22,05:54,12/29/2025,
Wenatchee,Colman,Bainbridge,06:10,06:12,06:44,12/29/2025,
Wenatchee,Bainbridge,Colman,07:05,07:06,07:37,12/29/2025,
Wenatchee,Colman,Bainbridge,07:55,07:56,08:29,12/29/2025,
Wenatchee,Bainbridge,Colman,08:45,08:46,09:18,12/29/2025,
Wenatchee,Colman,Bainbridge,09:35,09:38,10:10,12/29/2025,
Wenatchee,Bainbridge,Colman,10:25,10:26,10:57,12/29/2025,
Wenatchee,Colman,Bainbridge,11:25,11:26,12:05,12/29/2025,
Wenatchee,Bainbridge,Colman,12:20,12:23,12:53,12/29/2025,
Wenatchee,Colman,Bainbridge,13:10,13:11,13:50,12/29/2025,
Wenatchee,Bainbridge,Colman,14:05,14:16,14:46,12/29/2025,
Wenatchee,Colman,Bainbridge,15:00,15:06,15:47,12/29/2025,
Wenatchee,Bainbridge,Colman,15:50,16:01,16:31,12/29/2025,
Wenatchee,Colman,Bainbridge,16:45,16:51,17:23,12/29/2025,
Wenatchee,Bainbridge,Colman,17:35,17:40,18:11,12/29/2025,
Wenatchee,Colman,Bainbridge,18:30,18:33,19:08,12/29/2025,
Wenatchee,Bainbridge,Colman,19:20,19:21,19:53,12/29/2025,
Wenatchee,Colman,Bainbridge,20:15,20:18,20:50,12/29/2025,
Wenatchee,Bainbridge,Colman,21:00,21:01,21:31,12/29/2025,
Wenatchee,Colman,Bainbridge,22:05,22:07,22:39,12/29/2025,
Wenatchee,Bainbridge,Colman,05:20,05:20,05:52,12/30/2025,
Wenatchee,Colman,Bainbridge,06:10,06:12,06:43,12/30/2025,
Wenatchee,Bainbridge,Colman,07:05,07:06,07:36,12/30/2025,
Wenatchee,Colman,Bainbridge,07:55,07:57,08:30,12/30/2025,
Wenatchee,Bainbridge,Colman,08:45,08:46,09:15,12/30/2025,
Wenatchee,Colman,Bainbridge,09:35,09:37,10:09,12/30/2025,
Wenatchee,Bainbridge,Colman,10:25,10:27,10:57,12/30/2025,
Wenatchee,Colman,Bainbridge,11:25,11:26,12:02,12/30/2025,
Wenatchee,Bainbridge,Colman,12:20,12:22,12:52,12/30/2025,
Wenatchee,Colman,Bainbridge,13:10,13:16,13:50,12/30/2025,
Wenatchee,Bainbridge,Colman,14:05,14:09,14:40,12/30/2025,
Wenatchee,Colman,Bainbridge,15:00,15:04,15:56,12/30/2025,
Wenatchee,Bainbridge,Colman,15:50,16:05,16:36,12/30/2025,
Wenatchee,Bainbridge,Colman,17:35,18:03,18:37,12/30/2025,
Wenatchee,Colman,Bainbridge,18:30,18:59,19:38,12/30/2025,
Wenatchee,Colman,Bainbridge,22:05,22:37,23:09,12/30/2025,
Wenatchee,Bainbridge,Colman,04:45,04:46,05:19,12/31/2025,
Wenatchee,Colman,Bainbridge,05:30,05:31,06:05,12/31/2025,
Wenatchee,Bainbridge,Colman,06:20,06:21,06:54,12/31/2025,
Wenatchee,Colman,Bainbridge,07:05,07:07,07:43,12/31/2025,
Wenatchee,Bainbridge,Colman,07:55,07:56,08:46,12/31/2025,
Wenatchee,Colman,Bainbridge,08:45,09:09,09:43,12/31/2025,
Wenatchee,Bainbridge,Colman,09:40,09:56,10:27,12/31/2025,
Wenatchee,Colman,Bainbridge,10:40,10:49,11:22,12/31/2025,
Wenatchee,Bainbridge,Colman,11:30,11:39,12:10,12/31/2025,
Wenatchee,Colman,Bainbridge,12:25,12:32,13:03,12/31/2025,
Wenatchee,Bainbridge,Colman,13:15,13:21,13:53,12/31/2025,
Wenatchee,Colman,Bainbridge,14:05,14:17,14:50,12/31/2025,
Wenatchee,Bainbridge,Colman,14:55,15:14,15:40,12/31/2025,
Wenatchee,Colman,Bainbridge,15:50,16:07,16:38,12/31/2025,
Wenatchee,Bainbridge,Colman,16:45,17:00,17:31,12/31/2025,
Wenatchee,Colman,Bainbridge,17:45,17:56,18:25,12/31/2025,
Wenatchee,Bainbridge,Colman,05:20,05:22,05:54,01/01/2026,
Wenatchee,Colman,Bainbridge,06:10,06:11,06:42,01/01/2026,
Wenatchee,Bainbridge,Colman,07:05,07:05,07:46,01/01/2026,
Wenatchee,Colman,Bainbridge,07:55,07:57,08:28,01/01/2026,
Wenatchee,Bainbridge,Colman,08:45,08:47,09:19,01/01/2026,
Wenatchee,Colman,Bainbridge,09:35,09:37,10:08,01/01/2026,
Wenatchee,Bainbridge,Colman,10:25,10:27,10:55,01/01/2026,
Wenatchee,Colman,Bainbridge,11:25,11:27,11:57,01/01/2026,
Wenatchee,Bainbridge,Colman,12:20,12:23,12:54,01/01/2026,
Wenatchee,Colman,Bainbridge,13:15,13:17,13:49,01/01/2026,
Wenatchee,Bainbridge,Colman,14:10,14:13,14:43,01/01/2026,
Wenatchee,Colman,Bainbridge,15:05,15:08,15:39,01/01/2026,
Wenatchee,Bainbridge,Colman,15:55,15:57,16:27,01/01/2026,
Wenatchee,Colman,Bainbridge,16:45,17:12,17:25,01/01/2026,
Wenatchee,Bainbridge,Colman,17:35,17:36,18:07,01/01/2026,
Wenatchee,Colman,Bainbridge,18:25,18:26,18:57,01/01/2026,
Wenatchee,Bainbridge,Colman,19:15,19:15,19:47,01/01/2026,
Wenatchee,Colman,Bainbridge,20:10,20:12,20:45,01/01/2026,
Wenatchee,Bainbridge,Colman,20:55,20:56,21:28,01/01/2026,
Wenatchee,Colman,Bainbridge,21:45,21:50,22:22,01/01/2026,
Wenatchee,Bainbridge,Colman,22:30,22:31,23:03,01/01/2026,
Wenatchee,Colman,Bainbridge,23:15,23:16,23:47,01/01/2026,
Wenatchee,Bainbridge,Colman,00:15,00:16,00:58,01/02/2026,
Wenatchee,Colman,Bainbridge,01:05,01:07,01:40,01/02/2026,
Wenatchee,Bainbridge,Colman,01:45,01:45,02:17,01/02/2026,
Wenatchee,Colman,Bainbridge,02:25,02:26,02:58,01/02/2026,
Wenatchee,Bainbridge,Colman,04:45,04:46,05:18,01/02/2026,
Wenatchee,Colman,Bainbridge,05:30,05:31,06:04,01/02/2026,
Wenatchee,Bainbridge,Colman,06:20,06:22,06:51,01/02/2026,
Wenatchee,Colman,Bainbridge,07:05,07:07,07:39,01/02/2026,
Wenatchee,Bainbridge,Colman,07:55,07:56,08:28,01/02/2026,
Wenatchee,Colman,Bainbridge,08:45,08:47,09:20,01/02/2026,
Wenatchee,Bainbridge,Colman,09:40,09:41,10:11,01/02/2026,
Wenatchee,Colman,Bainbridge,10:40,10:42,11:15,01/02/2026,
Wenatchee,Bainbridge,Colman,11:30,11:40,12:09,01/02/2026,
Wenatchee,Colman,Bainbridge,12:25,12:38,13:10,01/02/2026,
Wenatchee,Bainbridge,Colman,13:15,13:27,13:58,01/02/2026,
Wenatchee,Colman,Bainbridge,14:05,14:19,14:51,01/02/2026,
Wenatchee,Bainbridge,Colman,14:55,15:10,15:39,01/02/2026,
Wenatchee,Colman,Bainbridge,15:50,16:01,16:33,01/02/2026,
Wenatchee,Bainbridge,Colman,16:45,16:51,17:22,01/02/2026,
Wenatchee,Colman,Bainbridge,17:45,17:47,18:31,01/02/2026,
Wenatchee,Bainbridge,Colman,18:40,18:41,19:12,01/02/2026,
Wenatchee,Colman,Bainbridge,19:30,19:32,20:04,01/02/2026,
Wenatchee,Bainbridge,Colman,20:20,20:20,20:52,01/02/2026,
Wenatchee,Colman,Bainbridge,21:20,21:21,21:53,01/02/2026,
Wenatchee,Bainbridge,Colman,22:00,22:03,22:41,01/02/2026,
Wenatchee,Colman,Bainbridge,22:50,22:54,23:26,01/02/2026,
Wenatchee,Bainbridge,Colman,23:30,23:34,00:05,01/02/2026,
Wenatchee,Colman,Bainbridge,00:15,00:15,00:49,01/03/2026,
Wenatchee,Bainbridge,Colman,00:55,00:57,01:31,01/03/2026,
Wenatchee,Colman,Bainbridge,01:35,01:39,02:11,01/03/2026,
Wenatchee,Bainbridge,Colman,07:55,07:57,08:28,01/03/2026,
Wenatchee,Colman,Bainbridge,08:55,08:56,09:29,01/03/2026,
Wenatchee,Bainbridge,Colman,09:45,09:46,10:18,01/03/2026,
Wenatchee,Colman,Bainbridge,10:40,10:44,11:15,01/03/2026,
Wenatchee,Bainbridge,Colman,11:35,11:37,12:10,01/03/2026,
Wenatchee,Colman,Bainbridge,12:30,12:38,13:12,01/03/2026,
Wenatchee,Bainbridge,Colman,13:20,13:32,14:01,01/03/2026,
Wenatchee,Colman,Bainbridge,14:10,14:27,14:57,01/03/2026,
Wenatchee,Bainbridge,Colman,15:00,15:31,16:00,01/03/2026,
Wenatchee,Colman,Bainbridge,15:50,16:21,16:53,01/03/2026,
Wenatchee,Bainbridge,Colman,16:40,17:16,17:46,01/03/2026,
Wenatchee,Colman,Bainbridge,17:35,18:08,18:44,01/03/2026,
Wenatchee,Bainbridge,Colman,18:30,18:53,19:23,01/03/2026,
Wenatchee,Colman,Bainbridge,19:20,19:37,20:08,01/03/2026,
Wenatchee,Bainbridge,Colman,20:10,20:17,20:48,01/03/2026,
Wenatchee,Colman,Bainbridge,21:00,21:02,21:33,01/03/2026,
Wenatchee,Bainbridge,Colman,21:45,21:45,22:19,01/03/2026,
Wenatchee,Colman,Bainbridge,22:40,22:45,23:18,01/03/2026,
Wenatchee,Bainbridge,Colman,00:15,00:14,00:48,01/04/2026,
Wenatchee,Colman,Bainbridge,01:05,01:06,01:38,01/04/2026,
Wenatchee,Bainbridge,Colman,01:45,01:46,02:18,01/04/2026,
Wenatchee,Colman,Bainbridge,02:25,02:26,02:58,01/04/2026,
Wenatchee,Bainbridge,Colman,05:20,05:22,05:53,01/04/2026,
Wenatchee,Colman,Bainbridge,06:10,06:10,06:42,01/04/2026,
Wenatchee,Bainbridge,Colman,07:05,07:06,07:46,01/04/2026,
Wenatchee,Colman,Bainbridge,07:55,07:56,08:27,01/04/2026,
Wenatchee,Bainbridge,Colman,08:45,08:46,09:15,01/04/2026,
Wenatchee,Colman,Bainbridge,09:35,09:37,10:08,01/04/2026,
Wenatchee,Bainbridge,Colman,10:25,10:26,10:56,01/04/2026,
Wenatchee,Colman,Bainbridge,11:25,11:27,11:58,01/04/2026,
Wenatchee,Bainbridge,Colman,12:20,12:27,12:57,01/04/2026,
Wenatchee,Colman,Bainbridge,13:15,13:22,13:54,01/04/2026,
Wenatchee,Bainbridge,Colman,14:10,14:20,14:52,01/04/2026,
Wenatchee,Colman,Bainbridge,15:05,15:14,15:46,01/04/2026,
Wenatchee,Bainbridge,Colman,15:55,16:10,16:40,01/04/2026,
Wenatchee,Colman,Bainbridge,16:45,17:06,17:37,01/04/2026,
Wenatchee,Bainbridge,Colman,17:35,17:56,18:27,01/04/2026,
Wenatchee,Colman,Bainbridge,18:25,18:46,19:18,01/04/2026,
Wenatchee,Bainbridge,Colman,19:15,19:33,20:05,01/04/2026,
Wenatchee,Colman,Bainbridge,20:10,20:20,20:53,01/04/2026,
Wenatchee,Bainbridge,Colman,20:55,21:05,21:37,01/04/2026,
Wenatchee,Colman,Bainbridge,21:45,21:57,22:28,01/04/2026,
Wenatchee,Bainbridge,Colman,22:30,22:39,23:10,01/04/2026,
Wenatchee,Colman,Bainbridge,23:15,23:20,23:53,01/04/2026,
Wenatchee,Bainbridge,Colman,00:15,00:16,01:00,01/05/2026,
Wenatchee,Colman,Bainbridge,01:05,01:12,01:43,01/05/2026,
Wenatchee,Bainbridge,Colman,01:45,01:51,02:28,01/05/2026,
Wenatchee,Colman,Bainbridge,02:25,02:37,03:09,01/05/2026,
Wenatchee,Bainbridge,,04:45,04:47,00:00,01/05/2026,
Wenatchee,Colman,,05:30,05:31,00:00,01/05/2026,
Wenatchee,Bainbridge,,06:20,06:21,00:00,01/05/2026,
Wenatchee,Colman,,07:05,07:08,00:00,01/05/2026,
Wenatchee,Bainbridge,,07:55,08:05,00:00,01/05/2026,
Wenatchee,Colman,,08:45,08:51,00:00,01/05/2026,
Wenatchee,Bainbridge,,09:40,09:42,00:00,01/05/2026,
Wenatchee,Colman,,10:40,10:41,00:00,01/05/2026,
Wenatchee,Bainbridge,,11:30,11:30,00:00,01/05/2026,
Wenatchee,Colman,,12:25,12:27,00:00,01/05/2026,
Wenatchee,Bainbridge,,13:15,13:16,00:00,01/05/2026,
Wenatchee,Colman,,14:05,14:07,00:00,01/05/2026,
Wenatchee,Bainbridge,,14:55,14:58,00:00,01/05/2026,
Wenatchee,Colman,,15:50,15:55,00:00,01/05/2026,
Wenatchee,Bainbridge,,16:45,16:53,00:00,01/05/2026,
Wenatchee,Colman,,17:45,17:54,00:00,01/05/2026,
Wenatchee,Bainbridge,,18:40,18:45,00:00,01/05/2026,
Wenatchee,Colman,,19:30,19:34,00:00,01/05/2026,
Wenatchee,Bainbridge,,20:20,20:27,00:00,01/05/2026,
Wenatchee,Colman,,21:20,21:22,00:00,01/05/2026,
Wenatchee,Bainbridge,,22:00,22:03,00:00,01/05/2026,
Wenatchee,Colman,,22:50,22:51,00:00,01/05/2026,
Wenatchee,Bainbridge,,23:30,23:35,00:00,01/05/2026,
Wenatchee,Colman,,00:15,00:16,00:00,01/06/2026,
Wenatchee,Bainbridge,,00:55,00:57,00:00,01/06/2026,
Wenatchee,Colman,,01:35,01:37,00:00,01/06/2026,
Wenatchee,Bainbridge,,04:45,04:49,00:00,01/06/2026,
Wenatchee,Colman,,05:30,05:34,00:00,01/06/2026,
Wenatchee,Bainbridge,,06:20,06:21,00:00,01/06/2026,
Wenatchee,Colman,,07:05,07:12,00:00,01/06/2026,
Wenatchee,Bainbridge,,07:55,08:11,00:00,01/06/2026,
Wenatchee,Colman,,08:45,09:04,00:00,01/06/2026,
Wenatchee,Bainbridge,,09:40,09:56,00:00,01/06/2026,
Wenatchee,Colman,,10:40,10:49,00:00,01/06/2026,
Wenatchee,Bainbridge,,11:30,11:38,00:00,01/06/2026,
Wenatchee,Colman,Bainbridge,12:25,12:33,13:05,01/06/2026,
Wenatchee,Bainbridge,Colman,13:15,13:24,13:51,01/06/2026,
Wenatchee,Colman,Bainbridge,14:05,14:09,14:41,01/06/2026,
Wenatchee,Bainbridge,Colman,14:55,14:56,15:26,01/06/2026,
Wenatchee,Colman,Bainbridge,15:50,15:52,16:42,01/06/2026,
Wenatchee,Bainbridge,Colman,16:45,17:06,17:21,01/06/2026,
Wenatchee,Colman,Bainbridge,17:45,17:48,18:19,01/06/2026,
Wenatchee,Bainbridge,Colman,18:40,18:41,19:11,01/06/2026,
Wenatchee,Colman,Bainbridge,19:30,19:32,20:06,01/06/2026,
Wenatchee,Bainbridge,Colman,20:20,20:24,20:54,01/06/2026,
Wenatchee,Colman,Bainbridge,21:20,21:22,21:53,01/06/2026,
Wenatchee,Bainbridge,Colman,22:00,22:01,22:37,01/06/2026,
Wenatchee,Colman,Bainbridge,22:50,22:51,23:24,01/06/2026,
Wenatchee,Bainbridge,Colman,23:30,23:32,00:02,01/06/2026,
Wenatchee,Colman,Bainbridge,00:15,00:16,00:55,01/07/2026,
Wenatchee,Bainbridge,Colman,00:55,00:56,01:26,01/07/2026,
Wenatchee,Colman,Bainbridge,01:35,01:35,02:06,01/07/2026,
Wenatchee,Bainbridge,Colman,05:20,05:21,05:50,01/07/2026,
Wenatchee,Colman,Bainbridge,06:10,06:11,06:46,01/07/2026,
Wenatchee,Bainbridge,Colman,07:05,07:05,07:37,01/07/2026,
Wenatchee,Colman,Bainbridge,07:55,07:57,08:27,01/07/2026,
Wenatchee,Bainbridge,Colman,08:45,08:48,09:17,01/07/2026,
Wenatchee,Colman,Bainbridge,09:35,09:48,10:06,01/07/2026,
Wenatchee,Bainbridge,Colman,10:25,10:25,10:57,01/07/2026,
Wenatchee,Colman,Bainbridge,11:25,11:27,12:00,01/07/2026,
Wenatchee,Bainbridge,Colman,12:20,12:21,12:52,01/07/2026,
Wenatchee,Colman,Bainbridge,13:10,13:18,13:47,01/07/2026,
Wenatchee,Bainbridge,Colman,14:05,14:06,14:37,01/07/2026,
Wenatchee,Colman,Bainbridge,15:00,15:03,15:34,01/07/2026,
Wenatchee,Bainbridge,Colman,15:50,15:51,16:21,01/07/2026,
Wenatchee,Colman,Bainbridge,16:45,16:48,17:22,01/07/2026,
Wenatchee,Bainbridge,Colman,17:35,17:43,18:14,01/07/2026,
Wenatchee,Colman,Bainbridge,18:30,18:32,19:04,01/07/2026,
Wenatchee,Bainbridge,Colman,19:20,19:21,19:51,01/07/2026,
Wenatchee,Colman,Bainbridge,20:15,20:17,20:50,01/07/2026,
Wenatchee,Bainbridge,Colman,21:00,21:01,21:33,01/07/2026,
Wenatchee,Colman,Bainbridge,22:05,22:06,22:37,01/07/2026,
Wenatchee,Bainbridge,Colman,05:20,05:21,05:51,01/08/2026,
Wenatchee,Colman,Bainbridge,06:10,06:12,06:48,01/08/2026,
Wenatchee,Bainbridge,Colman,07:05,07:12,07:39,01/08/2026,
Wenatchee,Colman,Bainbridge,07:55,07:57,08:27,01/08/2026,
Wenatchee,Bainbridge,Colman,08:45,08:49,09:18,01/08/2026,
Wenatchee,Colman,Bainbridge,09:35,09:37,10:07,01/08/2026,
Wenatchee,Bainbridge,Colman,10:25,10:25,10:56,01/08/2026,
Wenatchee,Colman,Bainbridge,11:25,11:28,11:58,01/08/2026,
Wenatchee,Bainbridge,Colman,12:20,12:21,12:51,01/08/2026,
Wenatchee,Colman,Bainbridge,13:10,13:12,13:43,01/08/2026,
Wenatchee,Bainbridge,Colman,14:05,14:06,14:35,01/08/2026,
Wenatchee,Colman,Bainbridge,15:00,15:02,15:33,01/08/2026,
Wenatchee,Bainbridge,Colman,15:50,16:11,16:25,01/08/2026,
Wenatchee,Colman,Bainbridge,16:45,16:48,17:19,01/08/2026,
Wenatchee,Bainbridge,Colman,17:35,17:38,18:08,01/08/2026,
Wenatchee,Colman,Bainbridge,18:30,18:32,19:05,01/08/2026,
Wenatchee,Bainbridge,Colman,19:20,19:21,19:50,01/08/2026,
Wenatchee,Colman,Bainbridge,20:15,20:16,20:48,01/08/2026,
Wenatchee,Bainbridge,Colman,21:00,21:00,21:30,01/08/2026,
Wenatchee,Colman,Bainbridge,22:05,22:06,22:38,01/08/2026,
Wenatchee,Bainbridge,Colman,04:45,04:46,05:18,01/09/2026,
Wenatchee,Colman,Bainbridge,05:30,05:31,06:03,01/09/2026,
Wenatchee,Bainbridge,Colman,06:20,06:21,06:52,01/09/2026,
Wenatchee,Colman,Bainbridge,07:05,07:07,07:41,01/09/2026,
Wenatchee,Bainbridge,Colman,07:55,07:57,08:28,01/09/2026,
Wenatchee,Colman,Bainbridge,08:45,08:46,09:18,01/09/2026,
Wenatchee,Bainbridge,Colman,09:40,09:42,10:13,01/09/2026,
Wenatchee,Colman,Bainbridge,10:40,10:43,11:15,01/09/2026,
Wenatchee,Bainbridge,Colman,11:30,11:31,12:02,01/09/2026,
Wenatchee,Colman,Bainbridge,12:25,12:27,12:59,01/09/2026,
Wenatchee,Bainbridge,Colman,13:15,13:17,13:48,01/09/2026,
Wenatchee,Colman,Bainbridge,14:05,14:09,14:53,01/09/2026,
Wenatchee,Bainbridge,Colman,14:55,14:57,15:30,01/09/2026,
Wenatchee,Colman,Bainbridge,15:50,15:55,16:26,01/09/2026,
Wenatchee,Bainbridge,Colman,16:45,16:48,17:19,01/09/2026,
Wenatchee,Colman,Bainbridge,17:45,17:47,18:18,01/09/2026,
Wenatchee,Bainbridge,Colman,18:40,18:42,19:13,01/09/2026,
Wenatchee,Colman,Bainbridge,19:30,19:32,20:04,01/09/2026,
Wenatchee,Bainbridge,Colman,20:20,20:20,20:53,01/09/2026,
Wenatchee,Colman,Bainbridge,21:20,21:22,21:55,01/09/2026,
Wenatchee,Bainbridge,Colman,22:00,22:13,22:48,01/09/2026,
Wenatchee,Colman,Bainbridge,22:50,22:58,23:30,01/09/2026,
Wenatchee,Bainbridge,Colman,23:30,23:38,00:09,01/09/2026,
Wenatchee,Colman,Bainbridge,00:15,00:21,00:53,01/10/2026,
Wenatchee,Bainbridge,Colman,00:55,01:01,01:33,01/10/2026,
Wenatchee,Colman,Bainbridge,01:35,01:42,02:13,01/10/2026,
Wenatchee,Bainbridge,Colman,05:20,05:20,05:50,01/10/2026,
Wenatchee,Colman,Bainbridge,06:10,06:10,06:41,01/10/2026,
Wenatchee,Bainbridge,Colman,07:05,07:07,07:38,01/10/2026,
Wenatchee,Colman,Bainbridge,07:55,07:56,08:26,01/10/2026,
Wenatchee,Bainbridge,Colman,08:45,08:46,09:17,01/10/2026,
Wenatchee,Colman,Bainbridge,09:35,09:36,10:08,01/10/2026,
Wenatchee,Bainbridge,Colman,10:25,10:25,10:55,01/10/2026,
Wenatchee,Colman,Bainbridge,11:25,11:26,11:57,01/10/2026,
Wenatchee,Bainbridge,Colman,12:20,12:21,12:53,01/10/2026,
Wenatchee,Colman,Bainbridge,13:15,13:19,13:50,01/10/2026,
Wenatchee,Bainbridge,Colman,14:10,14:11,14:42,01/10/2026,
Wenatchee,Colman,Bainbridge,15:05,15:11,15:42,01/10/2026,
Wenatchee,Bainbridge,Colman,15:55,16:06,16:36,01/10/2026,
Wenatchee,Colman,Bainbridge,16:45,16:58,17:32,01/10/2026,
Wenatchee,Bainbridge,Colman,17:35,17:54,18:26,01/10/2026,
Wenatchee,Colman,Bainbridge,18:25,18:55,19:27,01/10/2026,
Wenatchee,Bainbridge,Colman,19:15,19:46,20:18,01/10/2026,
Wenatchee,Colman,Bainbridge,20:10,20:38,21:13,01/10/2026,
Wenatchee,Bainbridge,Colman,20:55,21:24,21:56,01/10/2026,
Wenatchee,Colman,Bainbridge,21:45,22:21,22:54,01/10/2026,
Wenatchee,Bainbridge,Colman,22:30,23:01,23:33,01/10/2026,
Wenatchee,Bainbridge,Colman,00:15,00:19,00:58,01/11/2026,
Wenatchee,Colman,Bainbridge,01:05,01:07,01:38,01/11/2026,
Wenatchee,Bainbridge,Colman,01:45,01:46,02:18,01/11/2026,
Wenatchee,Colman,Bainbridge,02:25,02:29,03:00,01/11/2026,
Wenatchee,Colman,Bainbridge,08:55,08:58,09:27,01/11/2026,
Wenatchee,Bainbridge,Colman,09:45,09:46,10:16,01/11/2026,
Wenatchee,Colman,Bainbridge,10:40,10:43,11:12,01/11/2026,
Wenatchee,Bainbridge,Colman,11:35,11:36,12:05,01/11/2026,
Wenatchee,Colman,Bainbridge,12:30,12:32,13:08,01/11/2026,
Wenatchee,Bainbridge,Colman,13:20,13:21,13:51,01/11/2026,
Wenatchee,Colman,Bainbridge,14:10,14:12,14:41,01/11/2026,
Wenatchee,Bainbridge,Colman,15:00,15:03,15:34,01/11/2026,
Wenatchee,Colman,Bainbridge,15:50,15:52,16:25,01/11/2026,
Wenatchee,Bainbridge,Colman,16:40,16:42,17:14,01/11/2026,
Wenatchee,Colman,Bainbridge,17:35,17:38,18:10,01/11/2026,
Wenatchee,Bainbridge,Colman,18:30,18:31,19:02,01/11/2026,
Wenatchee,Colman,Bainbridge,19:20,19:23,19:54,01/11/2026,
Wenatchee,Bainbridge,Colman,20:10,20:10,20:42,01/11/2026,
Wenatchee,Colman,Bainbridge,21:00,21:01,21:33,01/11/2026,
Wenatchee,Bainbridge,Colman,21:45,21:47,22:18,01/11/2026,
Wenatchee,Colman,Bainbridge,22:40,22:42,23:15,01/11/2026,
Wenatchee,Bainbridge,Colman,05:20,05:21,05:52,01/12/2026,
Wenatchee,Colman,Bainbridge,06:10,06:11,06:42,01/12/2026,
Wenatchee,Bainbridge,Colman,07:05,07:06,07:36,01/12/2026,
Wenatchee,Colman,Bainbridge,07:55,07:57,08:28,01/12/2026,
Wenatchee,Bainbridge,Colman,08:45,08:46,09:16,01/12/2026,
Wenatchee,Colman,Bainbridge,09:35,09:36,10:07,01/12/2026,
Wenatchee,Bainbridge,Colman,10:25,10:25,10:56,01/12/2026,
Wenatchee,Colman,Bainbridge,11:25,11:25,11:57,01/12/2026,
Wenatchee,Bainbridge,Colman,12:20,12:22,12:51,01/12/2026,
Wenatchee,Colman,Bainbridge,13:10,13:12,13:44,01/12/2026,
Wenatchee,Bainbridge,Colman,14:05,14:07,14:37,01/12/2026,
Wenatchee,Colman,Bainbridge,15:00,15:01,15:32,01/12/2026,
Wenatchee,Bainbridge,Colman,15:50,15:52,16:21,01/12/2026,
Wenatchee,Colman,Bainbridge,16:45,16:47,17:18,01/12/2026,
Wenatchee,Bainbridge,Colman,17:35,17:37,18:07,01/12/2026,
Wenatchee,Colman,Bainbridge,18:30,18:32,19:08,01/12/2026,
Wenatchee,Bainbridge,Colman,19:20,19:22,19:51,01/12/2026,
Wenatchee,Colman,Bainbridge,20:15,20:17,20:47,01/12/2026,
Wenatchee,Bainbridge,Colman,21:00,21:02,21:32,01/12/2026,
Wenatchee,Colman,Bainbridge,22:05,22:07,22:38,01/12/2026,
Wenatchee,Bainbridge,Colman,05:20,05:21,05:53,01/13/2026,
Wenatchee,Colman,Bainbridge,06:10,06:11,06:44,01/13/2026,
Wenatchee,Bainbridge,Colman,07:05,07:07,07:38,01/13/2026,
Wenatchee,Colman,Bainbridge,07:55,07:57,08:27,01/13/2026,
Wenatchee,Bainbridge,Colman,08:45,08:46,09:16,01/13/2026,
Wenatchee,Colman,Bainbridge,09:35,09:37,10:07,01/13/2026,
Wenatchee,Bainbridge,Colman,10:25,10:25,10:55,01/13/2026,
Wenatchee,Colman,Bainbridge,11:25,11:26,11:57,01/13/2026,
Wenatchee,Bainbridge,Colman,12:20,12:21,12:51,01/13/2026,
Wenatchee,Colman,Bainbridge,13:10,13:10,13:42,01/13/2026,
Wenatchee,Bainbridge,Colman,14:05,14:05,14:36,01/13/2026,
Wenatchee,Colman,Bainbridge,15:00,15:01,15:33,01/13/2026,
Wenatchee,Colman,Bainbridge,15:50,16:27,16:30,01/13/2026,
Wenatchee,Bainbridge,Colman,15:50,15:52,16:24,01/13/2026,
Wenatchee,Colman,Bainbridge,16:45,16:51,17:19,01/13/2026,
Wenatchee,Bainbridge,Colman,17:35,17:36,18:07,01/13/2026,
Wenatchee,Colman,Bainbridge,18:30,18:32,19:04,01/13/2026,
Wenatchee,Bainbridge,Colman,19:20,19:21,19:51,01/13/2026,
Wenatchee,Colman,Bainbridge,20:15,20:17,20:57,01/13/2026,
Wenatchee,Bainbridge,Colman,21:00,21:01,21:37,01/13/2026,
Wenatchee,Colman,Bainbridge,22:05,22:07,22:39,01/13/2026,
Wenatchee,Bainbridge,Colman,04:45,04:45,05:18,01/14/2026,
Wenatchee,Colman,Bainbridge,05:30,05:32,06:03,01/14/2026,
Wenatchee,Bainbridge,Colman,06:20,06:21,06:53,01/14/2026,
Wenatchee,Colman,Bainbridge,07:05,07:08,07:41,01/14/2026,
Wenatchee,Bainbridge,Colman,07:55,07:57,08:28,01/14/2026,
Wenatchee,Colman,Bainbridge,08:45,09:02,09:17,01/14/2026,
Wenatchee,Bainbridge,Colman,09:40,09:44,10:16,01/14/2026,
Wenatchee,Colman,Bainbridge,10:40,10:42,11:12,01/14/2026,
Wenatchee,Bainbridge,Colman,11:30,11:31,12:02,01/14/2026,
Wenatchee,Colman,Bainbridge,12:25,12:27,12:55,01/14/2026,
Wenatchee,Bainbridge,Colman,13:15,13:17,13:47,01/14/2026,
Wenatchee,Colman,Bainbridge,14:05,14:07,14:40,01/14/2026,
Wenatchee,Bainbridge,Colman,14:55,14:57,15:28,01/14/2026,
Wenatchee,Colman,Bainbridge,15:50,15:54,16:23,01/14/2026,
Wenatchee,Bainbridge,Colman,16:45,16:47,17:18,01/14/2026,
Wenatchee,Colman,Bainbridge,17:45,17:48,18:20,01/14/2026,
Wenatchee,Bainbridge,Colman,18:40,18:41,19:11,01/14/2026,
Wenatchee,Colman,Bainbridge,19:30,19:31,20:03,01/14/2026,
Wenatchee,Bainbridge,Colman,20:20,20:21,20:50,01/14/2026,
Wenatchee,Colman,Bainbridge,21:20,21:23,21:54,01/14/2026,
Wenatchee,Bainbridge,Colman,22:00,22:02,22:32,01/14/2026,
Wenatchee,Colman,Bainbridge,22:50,22:50,23:23,01/14/2026,
Wenatchee,Bainbridge,Colman,23:30,23:31,00:02,01/14/2026,
Wenatchee,Colman,Bainbridge,00:15,00:16,00:47,01/15/2026,
Wenatchee,Bainbridge,Colman,00:55,00:55,01:26,01/15/2026,
Wenatchee,Colman,Bainbridge,01:35,01:35,02:07,01/15/2026,
Wenatchee,Bainbridge,Colman,04:45,04:45,05:15,01/15/2026,
Wenatchee,Colman,Bainbridge,05:30,05:32,06:02,01/15/2026,
Wenatchee,Bainbridge,Colman,06:20,06:21,06:51,01/15/2026,
Wenatchee,Colman,Bainbridge,07:05,07:07,07:38,01/15/2026,
Wenatchee,Bainbridge,Colman,07:55,07:56,08:27,01/15/2026,
Wenatchee,Colman,Bainbridge,08:45,08:47,09:17,01/15/2026,
Wenatchee,Bainbridge,Colman,09:40,09:41,10:11,01/15/2026,
Wenatchee,Colman,Bainbridge,10:40,10:42,11:12,01/15/2026,
Wenatchee,Bainbridge,Colman,11:30,11:30,12:01,01/15/2026,
Wenatchee,Colman,Bainbridge,12:25,12:26,12:58,01/15/2026,
Wenatchee,Bainbridge,Colman,13:15,13:16,13:46,01/15/2026,
Wenatchee,Colman,Bainbridge,14:05,14:07,14:39,01/15/2026,
Wenatchee,Bainbridge,Colman,14:55,14:55,15:27,01/15/2026,
Wenatchee,Colman,Bainbridge,15:50,16:24,16:39,01/15/2026,
Wenatchee,Bainbridge,Colman,16:45,16:50,17:17,01/15/2026,
Wenatchee,Colman,Bainbridge,17:45,17:47,18:19,01/15/2026,
Wenatchee,Bainbridge,Colman,18:40,18:40,19:12,01/15/2026,
Wenatchee,Colman,Bainbridge,19:30,19:31,20:03,01/15/2026,
Wenatchee,Bainbridge,Colman,20:20,20:21,20:53,01/15/2026,
Wenatchee,Colman,Bainbridge,21:20,21:24,21:56,01/15/2026,
Wenatchee,Bainbridge,Colman,22:00,22:04,22:38,01/15/2026,
Wenatchee,Colman,Bainbridge,22:50,22:56,23:28,01/15/2026,
Wenatchee,Bainbridge,Colman,23:30,23:35,00:07,01/15/2026,
Wenatchee,Colman,Bainbridge,00:15,00:16,00:48,01/16/2026,
Wenatchee,Bainbridge,Colman,00:55,00:57,01:29,01/16/2026,
Wenatchee,Colman,Bainbridge,01:35,01:38,02:10,01/16/2026,
Wenatchee,Bainbridge,Colman,04:45,04:46,05:27,01/16/2026,
Wenatchee,Colman,Bainbridge,05:30,05:37,06:11,01/16/2026,
Wenatchee,Bainbridge,Colman,06:20,06:23,06:54,01/16/2026,
Wenatchee,Colman,Bainbridge,07:05,07:07,07:38,01/16/2026,
Wenatchee,Bainbridge,Colman,07:55,07:55,08:27,01/16/2026,
Wenatchee,Colman,Bainbridge,08:45,08:48,09:19,01/16/2026,
Wenatchee,Bainbridge,Colman,09:40,09:42,10:12,01/16/2026,
Wenatchee,Colman,Bainbridge,10:40,10:43,11:15,01/16/2026,
Wenatchee,Bainbridge,Colman,11:30,11:33,12:03,01/16/2026,
Wenatchee,Colman,Bainbridge,12:25,12:27,12:59,01/16/2026,
Wenatchee,Bainbridge,Colman,13:15,13:16,13:46,01/16/2026,
Wenatchee,Colman,Bainbridge,14:05,14:08,14:41,01/16/2026,
Wenatchee,Bainbridge,Colman,14:55,14:58,15:29,01/16/2026,
Wenatchee,Colman,Bainbridge,15:50,15:54,16:31,01/16/2026,
Wenatchee,Bainbridge,Colman,16:45,16:54,17:24,01/16/2026,
Wenatchee,Colman,Bainbridge,17:45,17:53,18:28,01/16/2026,
Wenatchee,Bainbridge,Colman,07:55,07:56,08:27,01/17/2026,
Wenatchee,Colman,Bainbridge,08:55,08:57,09:28,01/17/2026,
Wenatchee,Bainbridge,Colman,09:45,09:46,10:17,01/17/2026,
Wenatchee,Colman,Bainbridge,10:40,10:42,11:13,01/17/2026,
Wenatchee,Bainbridge,Colman,11:35,11:37,12:07,01/17/2026,
Wenatchee,Colman,Bainbridge,12:30,12:34,13:05,01/17/2026,
Wenatchee,Bainbridge,Colman,13:20,13:25,13:56,01/17/2026,
Wenatchee,Colman,Bainbridge,14:10,14:22,14:54,01/17/2026,
Wenatchee,Bainbridge,Colman,15:00,15:18,15:50,01/17/2026,
Wenatchee,Colman,Bainbridge,15:50,16:14,16:46,01/17/2026,
Wenatchee,Bainbridge,Colman,16:40,17:10,17:40,01/17/2026,
Wenatchee,Colman,Bainbridge,17:35,18:10,18:41,01/17/2026,
Wenatchee,Bainbridge,Colman,18:30,19:01,19:32,01/17/2026,
Wenatchee,Colman,Bainbridge,19:20,19:52,20:23,01/17/2026,
Wenatchee,Bainbridge,Colman,20:10,20:35,21:07,01/17/2026,
Wenatchee,Colman,Bainbridge,21:00,21:23,21:54,01/17/2026,
Wenatchee,Bainbridge,Colman,21:45,22:10,22:40,01/17/2026,
Wenatchee,Colman,Bainbridge,22:40,23:05,23:38,01/17/2026,
Wenatchee,Colman,Bainbridge,08:55,08:56,09:30,01/18/2026,
Wenatchee,Bainbridge,Colman,09:45,09:46,10:16,01/18/2026,
Wenatchee,Colman,Bainbridge,10:40,10:42,11:14,01/18/2026,
Wenatchee,Bainbridge,Colman,11:35,11:38,12:07,01/18/2026,
Wenatchee,Colman,Bainbridge,12:30,12:32,13:05,01/18/2026,
Wenatchee,Bainbridge,Colman,13:20,13:22,13:51,01/18/2026,
Wenatchee,Colman,Bainbridge,14:10,14:17,14:49,01/18/2026,
Wenatchee,Bainbridge,Colman,15:00,15:12,15:43,01/18/2026,
Wenatchee,Colman,Bainbridge,15:50,16:09,16:40,01/18/2026,
Wenatchee,Bainbridge,Colman,16:40,17:03,17:34,01/18/2026,
Wenatchee,Colman,Bainbridge,17:35,17:53,18:28,01/18/2026,
Wenatchee,Bainbridge,Colman,18:30,18:52,19:23,01/18/2026,
Wenatchee,Colman,Bainbridge,19:20,19:40,20:18,01/18/2026,
Wenatchee,Bainbridge,Colman,20:10,20:38,21:09,01/18/2026,
Wenatchee,Colman,Bainbridge,21:00,21:25,21:57,01/18/2026,
Wenatchee,Bainbridge,Colman,21:45,22:04,22:38,01/18/2026,
Wenatchee,Colman,Bainbridge,22:40,22:58,23:31,01/18/2026,
Wenatchee,Bainbridge,Colman,04:45,04:46,05:18,01/19/2026,
Wenatchee,Colman,Bainbridge,05:30,05:31,06:01,01/19/2026,
Wenatchee,Bainbridge,Colman,06:20,06:22,06:52,01/19/2026,
Wenatchee,Colman,Bainbridge,07:05,07:07,07:38,01/19/2026,
Wenatchee,Bainbridge,Colman,07:55,07:55,08:28,01/19/2026,
Wenatchee,Colman,Bainbridge,08:45,08:46,09:18,01/19/2026,
Wenatchee,Bainbridge,Colman,09:40,09:41,10:10,01/19/2026,
Wenatchee,Colman,Bainbridge,10:40,10:43,11:12,01/19/2026,
Wenatchee,Bainbridge,Colman,11:30,11:35,12:06,01/19/2026,
Wenatchee,Colman,Bainbridge,12:25,12:28,13:00,01/19/2026,
Wenatchee,Bainbridge,Colman,13:15,13:18,13:48,01/19/2026,
Wenatchee,Colman,Bainbridge,14:05,14:07,14:39,01/19/2026,
Wenatchee,Bainbridge,Colman,14:55,14:58,15:28,01/19/2026,
Wenatchee,Colman,Bainbridge,15:50,15:52,16:30,01/19/2026,
Wenatchee,Bainbridge,Colman,16:45,16:54,17:23,01/19/2026,
Wenatchee,Colman,Bainbridge,17:45,17:49,18:24,01/19/2026,
Wenatchee,Bainbridge,Colman,18:40,18:49,19:21,01/19/2026,
Wenatchee,Colman,Bainbridge,19:30,19:37,20:09,01/19/2026,
Wenatchee,Bainbridge,Colman,20:20,20:20,20:54,01/19/2026,
Wenatchee,Colman,Bainbridge,21:20,21:21,21:53,01/19/2026,
Wenatchee,Bainbridge,Colman,22:00,22:01,22:31,01/19/2026,
Wenatchee,Colman,Bainbridge,22:50,22:52,23:24,01/19/2026,
Wenatchee,Bainbridge,Colman,23:30,23:31,00:02,01/19/2026,
Wenatchee,Colman,Bainbridge,00:15,00:17,00:48,01/20/2026,
Wenatchee,Bainbridge,Colman,00:55,00:56,01:27,01/20/2026,
Wenatchee,Colman,Bainbridge,01:35,01:36,02:06,01/20/2026,
Wenatchee,Bainbridge,Colman,04:45,04:46,05:17,01/20/2026,
Wenatchee,Colman,Bainbridge,05:30,05:32,06:01,01/20/2026,
Wenatchee,Bainbridge,Colman,06:20,06:21,06:52,01/20/2026,
Wenatchee,Colman,Bainbridge,07:05,07:07,07:38,01/20/2026,
Wenatchee,Bainbridge,Colman,07:55,07:57,08:27,01/20/2026,
Wenatchee,Colman,Bainbridge,08:45,08:47,09:17,01/20/2026,
Wenatchee,Bainbridge,Colman,09:40,09:41,10:14,01/20/2026,
Wenatchee,Colman,Bainbridge,10:40,10:42,11:14,01/20/2026,
Wenatchee,Bainbridge,Colman,11:30,11:34,12:03,01/20/2026,
Wenatchee,Colman,Bainbridge,12:25,12:27,12:58,01/20/2026,
Wenatchee,Bainbridge,Colman,13:15,13:15,13:45,01/20/2026,
Wenatchee,Colman,Bainbridge,14:05,14:07,14:38,01/20/2026,
Wenatchee,Bainbridge,Colman,14:55,14:57,15:26,01/20/2026,
Wenatchee,Colman,Bainbridge,15:50,15:56,16:25,01/20/2026,
Wenatchee,Bainbridge,Colman,16:45,16:46,17:16,01/20/2026,
Wenatchee,Colman,Bainbridge,17:45,17:47,18:20,01/20/2026,
Wenatchee,Bainbridge,Colman,18:40,18:41,19:11,01/20/2026,
Wenatchee,Colman,Bainbridge,19:30,19:33,20:05,01/20/2026,
Wenatchee,Bainbridge,Colman,20:20,20:21,20:59,01/20/2026,
Wenatchee,Colman,Bainbridge,21:20,21:23,21:56,01/20/2026,
Wenatchee,Bainbridge,Colman,22:00,22:01,22:35,01/20/2026,
Wenatchee,Colman,Bainbridge,22:50,22:52,23:24,01/20/2026,
Wenatchee,Bainbridge,Colman,23:30,23:30,00:04,01/20/2026,
Wenatchee,Colman,Bainbridge,00:15,00:16,00:47,01/21/2026,
Wenatchee,Bainbridge,Colman,00:55,00:55,01:26,01/21/2026,
Wenatchee,Colman,Bainbridge,01:35,01:36,02:09,01/21/2026,
Wenatchee,Bainbridge,Colman,05:20,05:22,05:52,01/21/2026,
Wenatchee,Colman,Bainbridge,06:10,06:11,06:44,01/21/2026,
Wenatchee,Bainbridge,Colman,07:05,07:05,07:35,01/21/2026,
Wenatchee,Colman,Bainbridge,07:55,07:57,08:28,01/21/2026,
Wenatchee,Bainbridge,Colman,08:45,08:46,09:17,01/21/2026,
Wenatchee,Colman,Bainbridge,09:35,09:48,10:17,01/21/2026,
Wenatchee,Bainbridge,Colman,10:25,10:35,10:56,01/21/2026,
Wenatchee,Colman,Bainbridge,15:50,15:46,16:35,01/21/2026,
Wenatchee,Bainbridge,Colman,14:10,14:19,14:49,01/24/2026,
Wenatchee,Colman,Bainbridge,15:05,15:13,15:46,01/24/2026,
Wenatchee,Bainbridge,Colman,15:55,16:09,16:40,01/24/2026,
Wenatchee,Colman,Bainbridge,16:45,16:59,17:31,01/24/2026,
Wenatchee,Bainbridge,Colman,17:35,17:48,18:19,01/24/2026,
Wenatchee,Colman,Bainbridge,18:25,18:38,19:11,01/24/2026,
Wenatchee,Bainbridge,Colman,19:15,19:24,19:55,01/24/2026,
Wenatchee,Colman,Bainbridge,20:10,20:11,20:46,01/24/2026,
Wenatchee,Bainbridge,Colman,20:55,20:55,21:27,01/24/2026,
Wenatchee,Colman,Bainbridge,21:45,21:45,22:19,01/24/2026,
Wenatchee,Bainbridge,Colman,22:30,22:30,23:03,01/24/2026,
Wenatchee,Colman,Bainbridge,23:15,23:16,23:48,01/24/2026,
Wenatchee,Bainbridge,Colman,00:00,00:04,00:36,01/25/2026,
Wenatchee,Colman,Bainbridge,00:45,00:47,01:19,01/25/2026,
Wenatchee,Bainbridge,Colman,01:25,01:26,01:57,01/25/2026,
Wenatchee,Colman,Bainbridge,02:10,02:11,02:51,01/25/2026,
Wenatchee,Bainbridge,Colman,05:20,05:20,05:53,01/25/2026,
Wenatchee,Colman,Bainbridge,06:10,06:11,06:43,01/25/2026,
Wenatchee,Bainbridge,Colman,07:05,07:05,07:39,01/25/2026,
Wenatchee,Colman,Bainbridge,07:55,07:57,08:28,01/25/2026,
Wenatchee,Bainbridge,Colman,08:45,08:45,09:18,01/25/2026,
Wenatchee,Colman,Bainbridge,09:35,09:36,10:08,01/25/2026,
Wenatchee,Bainbridge,Colman,10:25,10:26,10:59,01/25/2026,
Wenatchee,Colman,Bainbridge,11:25,11:25,11:59,01/25/2026,
Wenatchee,Bainbridge,Colman,12:20,12:21,12:52,01/25/2026,
Wenatchee,Colman,Bainbridge,13:15,13:16,13:50,01/25/2026,
Wenatchee,Bainbridge,Colman,14:10,14:10,14:42,01/25/2026,
Wenatchee,Colman,Bainbridge,15:05,15:07,15:39,01/25/2026,
Wenatchee,Bainbridge,Colman,15:55,15:55,16:27,01/25/2026,
Wenatchee,Colman,Bainbridge,16:45,16:50,17:23,01/25/2026,
Wenatchee,Bainbridge,Colman,17:35,17:35,18:08,01/25/2026,
Wenatchee,Colman,Bainbridge,18:25,18:28,19:01,01/25/2026,
Wenatchee,Bainbridge,Colman,19:15,19:15,19:47,01/25/2026,
Wenatchee,Colman,Bainbridge,20:10,20:12,20:44,01/25/2026,
Wenatchee,Bainbridge,Colman,20:55,21:05,21:37,01/25/2026,
Wenatchee,Colman,Bainbridge,21:45,21:58,22:29,01/25/2026,
Wenatchee,Bainbridge,Colman,22:30,22:37,23:08,01/25/2026,
Wenatchee,Colman,Bainbridge,23:15,23:18,23:49,01/25/2026,
Wenatchee,Bainbridge,Colman,00:00,00:01,00:31,01/26/2026,
Wenatchee,Colman,Bainbridge,00:45,00:46,01:26,01/26/2026,
Wenatchee,Bainbridge,Colman,01:25,01:25,01:57,01/26/2026,
Wenatchee,Colman,Bainbridge,02:10,02:10,02:41,01/26/2026,
Wenatchee,Bainbridge,Colman,05:20,05:21,05:53,01/26/2026,
Wenatchee,Colman,Bainbridge,06:10,06:12,06:45,01/26/2026,
Wenatchee,Bainbridge,Colman,07:05,07:06,07:39,01/26/2026,
Wenatchee,Colman,Bainbridge,07:55,07:56,08:27,01/26/2026,
Wenatchee,Bainbridge,Colman,08:45,08:46,09:20,01/26/2026,
Wenatchee,Colman,Bainbridge,09:35,09:36,10:08,01/26/2026,
Wenatchee,Bainbridge,Colman,10:25,10:25,10:59,01/26/2026,
Wenatchee,Colman,Bainbridge,11:25,11:27,11:58,01/26/2026,
Wenatchee,Bainbridge,Colman,12:20,12:22,12:55,01/26/2026,
Wenatchee,Colman,Bainbridge,13:10,13:11,13:44,01/26/2026,
Wenatchee,Bainbridge,Colman,14:05,14:06,14:37,01/26/2026,
Wenatchee,Colman,Bainbridge,15:00,15:00,15:50,01/26/2026,
Wenatchee,Bainbridge,Colman,15:50,15:51,16:23,01/26/2026,
Wenatchee,Colman,Bainbridge,16:45,16:48,17:19,01/26/2026,
Wenatchee,Bainbridge,Colman,17:35,17:37,18:08,01/26/2026,
Wenatchee,Colman,Bainbridge,18:30,18:32,19:04,01/26/2026,
Wenatchee,Bainbridge,Colman,19:20,19:21,19:52,01/26/2026,
Wenatchee,Colman,Bainbridge,20:15,20:16,20:48,01/26/2026,
Wenatchee,Bainbridge,Colman,21:00,21:00,21:33,01/26/2026,
Wenatchee,Colman,Bainbridge,22:05,22:06,22:38,01/26/2026,
Wenatchee,Bainbridge,Colman,05:20,05:21,05:51,01/27/2026,
Wenatchee,Colman,Bainbridge,06:10,06:12,06:44,01/27/2026,
Wenatchee,Bainbridge,Colman,07:05,07:06,07:36,01/27/2026,
Wenatchee,Colman,Bainbridge,07:55,07:56,08:26,01/27/2026,
Wenatchee,Bainbridge,Colman,08:45,08:46,09:17,01/27/2026,
Wenatchee,Colman,Bainbridge,09:35,09:36,10:07,01/27/2026,
Wenatchee,Bainbridge,Colman,10:25,10:26,10:58,01/27/2026,
Wenatchee,Colman,Bainbridge,11:25,11:28,11:59,01/27/2026,
Wenatchee,Bainbridge,Colman,12:20,12:20,12:51,01/27/2026,
Wenatchee,Colman,Bainbridge,13:10,13:11,13:44,01/27/2026,
Wenatchee,Bainbridge,Colman,14:05,14:07,14:37,01/27/2026,
Wenatchee,Colman,Bainbridge,15:00,15:02,15:33,01/27/2026,
Wenatchee,Bainbridge,Colman,15:50,16:03,16:22,01/27/2026,
Wenatchee,Colman,Bainbridge,16:45,16:47,17:19,01/27/2026,
Wenatchee,Bainbridge,Colman,17:35,17:37,18:09,01/27/2026,
Wenatchee,Colman,Bainbridge,18:30,18:32,19:04,01/27/2026,
Wenatchee,Bainbridge,Colman,19:20,19:21,19:52,01/27/2026,
Wenatchee,Colman,Bainbridge,20:15,20:17,20:55,01/27/2026,
Wenatchee,Bainbridge,Colman,21:00,21:00,21:33,01/27/2026,
Wenatchee,Colman,Bainbridge,22:05,22:07,22:38,01/27/2026,
Wenatchee,Bainbridge,Colman,04:45,04:46,05:18,01/28/2026,
Wenatchee,Colman,Bainbridge,05:30,05:32,06:03,01/28/2026,
Wenatchee,Bainbridge,Colman,06:20,06:21,06:51,01/28/2026,
Wenatchee,Colman,Bainbridge,07:05,07:06,07:39,01/28/2026,
Wenatchee,Bainbridge,Colman,07:55,07:57,08:29,01/28/2026,
Wenatchee,Colman,Bainbridge,08:45,08:47,09:18,01/28/2026,
Wenatchee,Bainbridge,Colman,09:40,09:40,10:15,01/28/2026,
Wenatchee,Colman,Bainbridge,10:40,10:42,11:17,01/28/2026,
Wenatchee,Bainbridge,Colman,11:30,11:35,12:05,01/28/2026,
Wenatchee,Colman,Bainbridge,12:25,12:26,12:58,01/28/2026,
Wenatchee,Bainbridge,Colman,13:15,13:16,13:47,01/28/2026,
Wenatchee,Colman,Bainbridge,14:05,14:08,14:38,01/28/2026,
Wenatchee,Bainbridge,Colman,14:55,14:56,15:32,01/28/2026,
Wenatchee,Colman,Bainbridge,15:50,15:53,16:32,01/28/2026,
Wenatchee,Bainbridge,Colman,16:45,16:46,17:16,01/28/2026,
Wenatchee,Colman,Bainbridge,17:45,17:48,18:17,01/28/2026,
Wenatchee,Bainbridge,Colman,18:40,18:41,19:11,01/28/2026,
Wenatchee,Colman,Bainbridge,19:30,19:31,20:02,01/28/2026,
Wenatchee,Bainbridge,Colman,20:20,20:21,20:51,01/28/2026,
Wenatchee,Colman,Bainbridge,21:20,21:22,21:52,01/28/2026,
Wenatchee,Bainbridge,Colman,22:00,22:01,22:33,01/28/2026,
Wenatchee,Colman,Bainbridge,22:50,22:51,23:22,01/28/2026,
Wenatchee,Bainbridge,Colman,23:30,23:30,00:00,01/28/2026,
Wenatchee,Colman,Bainbridge,00:15,00:16,00:47,01/29/2026,
Wenatchee,Bainbridge,Colman,00:55,00:55,01:25,01/29/2026,
Wenatchee,Colman,Bainbridge,01:35,01:36,02:06,01/29/2026,
Wenatchee,Bainbridge,Colman,04:45,04:46,05:17,01/29/2026,
Wenatchee,Colman,Bainbridge,05:30,05:32,06:01,01/29/2026,
Wenatchee,Bainbridge,Colman,06:20,06:21,06:51,01/29/2026,
Wenatchee,Colman,Bainbridge,07:05,07:07,07:36,01/29/2026,
Wenatchee,Bainbridge,Colman,07:55,07:56,08:27,01/29/2026,
Wenatchee,Colman,Bainbridge,08:45,08:47,09:15,01/29/2026,
Wenatchee,Bainbridge,Colman,09:40,09:41,10:11,01/29/2026,
Wenatchee,Colman,Bainbridge,10:40,10:43,11:14,01/29/2026,
Wenatchee,Bainbridge,Colman,11:30,11:31,12:00,01/29/2026,
Wenatchee,Colman,Bainbridge,12:25,12:27,12:57,01/29/2026,
Wenatchee,Bainbridge,Colman,13:15,13:15,13:44,01/29/2026,
Wenatchee,Colman,Bainbridge,14:05,14:06,14:36,01/29/2026,
Wenatchee,Bainbridge,Colman,14:55,14:56,15:29,01/29/2026,
Wenatchee,Colman,Bainbridge,15:50,16:03,16:22,01/29/2026,
Wenatchee,Bainbridge,Colman,16:45,16:46,17:16,01/29/2026,
Wenatchee,Colman,Bainbridge,17:45,17:50,18:19,01/29/2026,
Wenatchee,Bainbridge,Colman,18:40,18:40,19:12,01/29/2026,
Wenatchee,Colman,Bainbridge,19:30,19:32,20:04,01/29/2026,
Wenatchee,Bainbridge,Colman,20:20,20:22,20:52,01/29/2026,
Wenatchee,Colman,Bainbridge,21:20,21:21,21:53,01/29/2026,
Wenatchee,Bainbridge,Colman,22:00,22:14,22:46,01/29/2026,
Wenatchee,Colman,Bainbridge,22:50,22:55,23:28,01/29/2026,
Wenatchee,Bainbridge,Colman,23:30,23:36,00:07,01/29/2026,
Wenatchee,Colman,Bainbridge,00:15,00:16,00:48,01/30/2026,
Wenatchee,Bainbridge,Colman,00:55,00:55,01:27,01/30/2026,
Wenatchee,Colman,Bainbridge,01:35,01:36,02:07,01/30/2026,
Wenatchee,Bainbridge,Colman,04:45,04:46,05:13,01/30/2026,
Wenatchee,Colman,Bainbridge,05:30,05:32,06:02,01/30/2026,
Wenatchee,Bainbridge,Colman,06:20,06:21,06:52,01/30/2026,
Wenatchee,Colman,Bainbridge,07:05,07:06,07:37,01/30/2026,
Wenatchee,Bainbridge,Colman,07:55,07:56,08:28,01/30/2026,
Wenatchee,Colman,Bainbridge,08:45,08:47,09:18,01/30/2026,
Wenatchee,Bainbridge,Colman,09:40,09:40,10:11,01/30/2026,
Wenatchee,Colman,Bainbridge,10:40,10:42,11:11,01/30/2026,
Wenatchee,Bainbridge,Colman,11:30,11:32,12:03,01/30/2026,
Wenatchee,Colman,Bainbridge,12:25,12:27,13:03,01/30/2026,
Wenatchee,Bainbridge,Colman,13:15,13:15,13:49,01/30/2026,
Wenatchee,Colman,Bainbridge,15:50,15:51,16:46,01/30/2026,
Wenatchee,Bainbridge,Colman,16:45,16:46,17:16,01/30/2026,
Wenatchee,Colman,Bainbridge,19:30,19:32,20:04,01/30/2026,
Wenatchee,Bainbridge,Colman,20:20,20:21,20:51,01/30/2026,
Wenatchee,Colman,Bainbridge,21:20,21:22,21:53,01/30/2026,
Wenatchee,Bainbridge,Colman,23:30,23:31,00:02,01/30/2026,
Wenatchee,Colman,Bainbridge,00:15,00:15,00:46,01/31/2026,
Wenatchee,Bainbridge,Colman,00:55,00:56,01:29,01/31/2026,
Wenatchee,Colman,Bainbridge,01:35,01:37,02:08,01/31/2026,
Wenatchee,Bainbridge,Colman,07:55,07:56,08:27,01/31/2026,
Wenatchee,Colman,Bainbridge,08:55,08:57,09:27,01/31/2026,
Wenatchee,Bainbridge,Colman,09:45,09:46,10:16,01/31/2026,
Wenatchee,Colman,Bainbridge,10:40,10:43,11:14,01/31/2026,
Wenatchee,Bainbridge,Colman,11:35,11:38,12:09,01/31/2026,
Wenatchee,Colman,Bainbridge,12:30,12:35,13:05,01/31/2026,
Wenatchee,Bainbridge,Colman,13:20,13:25,13:56,01/31/2026,
Wenatchee,Colman,Bainbridge,14:10,14:17,14:47,01/31/2026,
Wenatchee,Bainbridge,Colman,15:00,15:09,15:39,01/31/2026,
Wenatchee,Colman,Bainbridge,15:50,15:59,16:33,01/31/2026,
Wenatchee,Bainbridge,Colman,16:40,17:00,17:32,01/31/2026,
Wenatchee,Colman,Bainbridge,17:35,17:51,18:24,01/31/2026,
Wenatchee,Bainbridge,Colman,18:30,18:37,19:09,01/31/2026,
Wenatchee,Colman,Bainbridge,19:20,19:28,20:04,01/31/2026,
Wenatchee,Bainbridge,Colman,20:10,20:16,20:49,01/31/2026,
Wenatchee,Colman,Bainbridge,21:00,21:01,21:46,01/31/2026,
Wenatchee,Bainbridge,Colman,21:45,21:45,22:23,01/31/2026,
Wenatchee,Colman,Bainbridge,22:40,22:46,23:19,01/31/2026,
Wenatchee,Colman,Bainbridge,08:55,08:56,09:27,02/01/2026,
Wenatchee,Bainbridge,Colman,09:45,09:46,10:16,02/01/2026,
Wenatchee,Colman,Bainbridge,10:40,10:42,11:13,02/01/2026,
Wenatchee,Bainbridge,Colman,11:35,11:36,12:07,02/01/2026,
Wenatchee,Colman,Bainbridge,12:30,12:32,13:03,02/01/2026,
Wenatchee,Bainbridge,Colman,13:20,13:22,13:53,02/01/2026,
Wenatchee,Colman,Bainbridge,14:10,14:14,14:45,02/01/2026,
Wenatchee,Bainbridge,Colman,15:00,15:03,15:34,02/01/2026,
Wenatchee,Colman,Bainbridge,15:50,15:55,16:25,02/01/2026,
Wenatchee,Bainbridge,Colman,16:40,16:41,17:13,02/01/2026,
Wenatchee,Colman,Bainbridge,17:35,17:38,18:09,02/01/2026,
Wenatchee,Bainbridge,Colman,18:30,18:32,19:03,02/01/2026,
Wenatchee,Colman,Bainbridge,19:20,19:23,19:54,02/01/2026,
Wenatchee,Bainbridge,Colman,20:10,20:12,20:44,02/01/2026,
Wenatchee,Colman,Bainbridge,21:00,21:02,21:33,02/01/2026,
Wenatchee,Bainbridge,Colman,21:45,21:46,22:19,02/01/2026,
Wenatchee,Colman,Bainbridge,22:40,22:44,23:16,02/01/2026,
Wenatchee,Bainbridge,Colman,04:45,04:47,05:17,02/02/2026,
Wenatchee,Colman,Bainbridge,05:30,05:32,06:04,02/02/2026,
Wenatchee,Bainbridge,Colman,06:20,06:20,06:51,02/02/2026,
Wenatchee,Colman,Bainbridge,07:05,07:06,07:38,02/02/2026,
Wenatchee,Bainbridge,Colman,07:55,07:57,08:27,02/02/2026,
Wenatchee,Colman,Bainbridge,08:45,08:46,09:17,02/02/2026,
Wenatchee,Bainbridge,Colman,09:40,09:42,10:14,02/02/2026,
Wenatchee,Colman,Bainbridge,10:40,10:41,11:12,02/02/2026,
Wenatchee,Bainbridge,Colman,11:30,11:31,12:02,02/02/2026,
Wenatchee,Colman,Bainbridge,12:25,12:27,12:58,02/02/2026,
Wenatchee,Bainbridge,Colman,13:15,13:15,13:45,02/02/2026,
Wenatchee,Colman,Bainbridge,14:05,14:06,14:38,02/02/2026,
Wenatchee,Bainbridge,Colman,14:55,14:57,15:27,02/02/2026,
Wenatchee,Colman,Bainbridge,15:50,15:51,16:34,02/02/2026,
Wenatchee,Bainbridge,Colman,16:45,16:46,17:17,02/02/2026,
Wenatchee,Colman,Bainbridge,17:45,17:46,18:18,02/02/2026,
Wenatchee,Bainbridge,Colman,18:40,18:40,19:11,02/02/2026,
Wenatchee,Colman,Bainbridge,19:30,19:32,20:02,02/02/2026,
Wenatchee,Bainbridge,Colman,20:20,20:20,20:52,02/02/2026,
Wenatchee,Colman,Bainbridge,21:20,21:22,21:54,02/02/2026,
Wenatchee,Bainbridge,Colman,22:00,22:01,22:32,02/02/2026,
Wenatchee,Colman,Bainbridge,22:50,22:52,23:24,02/02/2026,
Wenatchee,Bainbridge,Colman,23:30,23:33,00:05,02/02/2026,
Wenatchee,Colman,Bainbridge,00:15,00:17,00:48,02/03/2026,
Wenatchee,Bainbridge,Colman,00:55,00:56,01:27,02/03/2026,
Wenatchee,Colman,Bainbridge,01:35,01:36,02:08,02/03/2026,
Wenatchee,Bainbridge,Colman,04:45,04:47,05:17,02/03/2026,
Wenatchee,Colman,Bainbridge,05:30,05:32,06:02,02/03/2026,
Wenatchee,Bainbridge,Colman,06:20,06:21,06:51,02/03/2026,
Wenatchee,Colman,Bainbridge,07:05,07:07,07:40,02/03/2026,
Wenatchee,Bainbridge,Colman,07:55,07:57,08:29,02/03/2026,
Wenatchee,Colman,Bainbridge,08:45,08:47,09:20,02/03/2026,
Wenatchee,Bainbridge,Colman,09:40,09:41,10:14,02/03/2026,
Wenatchee,Colman,Bainbridge,10:40,10:42,11:14,02/03/2026,
Wenatchee,Bainbridge,Colman,11:30,11:32,12:03,02/03/2026,
Wenatchee,Colman,Bainbridge,12:25,12:27,12:59,02/03/2026,
Wenatchee,Bainbridge,Colman,13:15,13:16,13:46,02/03/2026,
Wenatchee,Colman,Bainbridge,14:05,14:07,14:38,02/03/2026,
Wenatchee,Bainbridge,Colman,14:55,14:56,15:27,02/03/2026,
Wenatchee,Colman,Bainbridge,15:50,15:50,16:23,02/03/2026,
Wenatchee,Bainbridge,Colman,16:45,16:46,17:16,02/03/2026,
Wenatchee,Colman,Bainbridge,17:45,17:46,18:17,02/03/2026,
Wenatchee,Bainbridge,Colman,18:40,18:41,19:11,02/03/2026,
Wenatchee,Colman,Bainbridge,19:30,19:32,20:04,02/03/2026,
Wenatchee,Bainbridge,Colman,20:20,20:20,20:52,02/03/2026,
Wenatchee,Colman,Bainbridge,21:20,21:22,21:52,02/03/2026,
Wenatchee,Bainbridge,Colman,22:00,22:01,22:33,02/03/2026,
Wenatchee,Colman,Bainbridge,22:50,22:51,23:24,02/03/2026,
Wenatchee,Bainbridge,Colman,23:30,23:31,00:03,02/03/2026,
Wenatchee,Colman,Bainbridge,00:15,00:16,00:47,02/04/2026,
Wenatchee,Bainbridge,Colman,00:55,00:55,01:26,02/04/2026,
Wenatchee,Colman,Bainbridge,01:35,01:36,02:07,02/04/2026,
Wenatchee,Bainbridge,Colman,05:20,05:23,05:53,02/04/2026,
Wenatchee,Colman,Bainbridge,06:10,06:11,06:42,02/04/2026,
Wenatchee,Bainbridge,Colman,07:05,07:05,07:37,02/04/2026,
Wenatchee,Colman,Bainbridge,07:55,07:57,08:29,02/04/2026,
Wenatchee,Bainbridge,Colman,08:45,09:00,09:22,02/04/2026,
Wenatchee,Colman,Bainbridge,09:35,09:36,10:06,02/04/2026,
Wenatchee,Bainbridge,Colman,10:25,10:28,10:57,02/04/2026,
Wenatchee,Colman,Bainbridge,11:25,11:28,11:59,02/04/2026,
Wenatchee,Bainbridge,Colman,12:20,12:21,12:55,02/04/2026,
Wenatchee,Colman,Bainbridge,13:10,13:12,13:44,02/04/2026,
Wenatchee,Bainbridge,Colman,14:05,14:07,14:37,02/04/2026,
Wenatchee,Colman,Bainbridge,15:00,15:02,15:43,02/04/2026,
Wenatchee,Bainbridge,Colman,15:50,15:59,16:30,02/04/2026,
Wenatchee,Colman,Bainbridge,16:45,16:52,17:23,02/04/2026,
Wenatchee,Bainbridge,Colman,17:35,17:41,18:18,02/04/2026,
Wenatchee,Colman,Bainbridge,20:15,20:18,20:55,02/04/2026,
Wenatchee,Bainbridge,Colman,21:00,21:04,21:37,02/04/2026,
Wenatchee,Colman,Bainbridge,22:05,22:06,22:38,02/04/2026,
Wenatchee,Bainbridge,Colman,05:20,05:21,05:54,02/05/2026,
Wenatchee,Colman,Bainbridge,06:10,06:11,06:44,02/05/2026,
Wenatchee,Bainbridge,Colman,07:05,07:05,07:38,02/05/2026,
Wenatchee,Colman,Bainbridge,07:55,07:55,08:29,02/05/2026,
Wenatchee,Bainbridge,Colman,08:45,08:46,09:19,02/05/2026,
Wenatchee,Colman,Bainbridge,09:35,09:39,10:11,02/05/2026,
Wenatchee,Bainbridge,Colman,10:25,10:32,11:05,02/05/2026,
Wenatchee,Colman,Bainbridge,11:25,11:31,12:04,02/05/2026,
Wenatchee,Bainbridge,Colman,12:20,12:21,12:55,02/05/2026,
Wenatchee,Colman,Bainbridge,13:10,13:12,13:46,02/05/2026,
Wenatchee,Bainbridge,Colman,14:05,14:08,14:38,02/05/2026,
Wenatchee,Colman,Bainbridge,15:00,15:02,15:33,02/05/2026,
Wenatchee,Bainbridge,Colman,15:50,15:58,16:21,02/05/2026,
Wenatchee,Colman,Bainbridge,16:45,16:47,17:18,02/05/2026,
Wenatchee,Bainbridge,Colman,17:35,17:37,18:08,02/05/2026,
Wenatchee,Colman,Bainbridge,18:30,18:32,19:07,02/05/2026,
Wenatchee,Bainbridge,Colman,19:20,19:21,19:50,02/05/2026,
Wenatchee,Colman,Bainbridge,20:15,20:17,20:49,02/05/2026,
Wenatchee,Bainbridge,Colman,21:00,21:01,21:30,02/05/2026,
Wenatchee,Colman,Bainbridge,22:05,22:06,22:40,02/05/2026,
Wenatchee,Bainbridge,Colman,05:20,05:25,05:58,02/06/2026,
Wenatchee,Colman,Bainbridge,06:10,06:11,06:43,02/06/2026,
Wenatchee,Bainbridge,Colman,07:05,07:06,07:38,02/06/2026,
Wenatchee,Colman,Bainbridge,07:55,07:56,08:27,02/06/2026,
Wenatchee,Bainbridge,Colman,08:45,08:46,09:17,02/06/2026,
Wenatchee,Colman,Bainbridge,09:35,09:36,10:08,02/06/2026,
Wenatchee,Bainbridge,Colman,10:25,10:25,10:58,02/06/2026,
Wenatchee,Colman,Bainbridge,11:25,11:27,11:59,02/06/2026,
Wenatchee,Bainbridge,Colman,12:20,12:21,12:54,02/06/2026,
Wenatchee,Colman,Bainbridge,13:10,13:13,13:44,02/06/2026,
Wenatchee,Bainbridge,Colman,14:05,14:06,14:38,02/06/2026,
Wenatchee,Colman,Bainbridge,15:00,15:02,15:34,02/06/2026,
Wenatchee,Bainbridge,Colman,15:50,15:52,16:23,02/06/2026,
Wenatchee,Colman,Bainbridge,16:45,16:47,17:20,02/06/2026,
Wenatchee,Bainbridge,Colman,17:35,17:40,18:10,02/06/2026,
Wenatchee,Colman,Bainbridge,18:30,18:32,19:03,02/06/2026,
Wenatchee,Bainbridge,Colman,19:20,19:21,19:53,02/06/2026,
Wenatchee,Colman,Bainbridge,20:15,20:16,20:49,02/06/2026,
Wenatchee,Bainbridge,Colman,21:00,21:00,21:31,02/06/2026,
Wenatchee,Colman,Bainbridge,22:05,22:06,22:41,02/06/2026,
Wenatchee,Bainbridge,Colman,05:20,05:20,05:53,02/07/2026,
Wenatchee,Colman,Bainbridge,06:10,06:12,06:43,02/07/2026,
Wenatchee,Bainbridge,Colman,07:05,07:06,07:37,02/07/2026,
Wenatchee,Colman,Bainbridge,07:55,07:57,08:28,02/07/2026,
Wenatchee,Bainbridge,Colman,08:45,08:45,09:18,02/07/2026,
Wenatchee,Colman,Bainbridge,09:35,09:39,10:10,02/07/2026,
Wenatchee,Bainbridge,Colman,10:25,10:26,10:59,02/07/2026,
Wenatchee,Colman,Bainbridge,11:25,11:26,11:57,02/07/2026,
Wenatchee,Bainbridge,Colman,12:20,12:22,12:52,02/07/2026,
Wenatchee,Colman,Bainbridge,13:15,13:16,13:48,02/07/2026,
Wenatchee,Bainbridge,Colman,14:10,14:11,14:41,02/07/2026,
Wenatchee,Colman,Bainbridge,15:05,15:07,15:41,02/07/2026,
Wenatchee,Bainbridge,Colman,15:55,15:58,16:28,02/07/2026,
Wenatchee,Colman,Bainbridge,16:45,16:47,17:28,02/07/2026,
Wenatchee,Bainbridge,Colman,17:35,17:49,18:19,02/07/2026,
Wenatchee,Colman,Bainbridge,18:25,18:39,19:13,02/07/2026,
Wenatchee,Bainbridge,Colman,19:15,19:25,19:55,02/07/2026,
Wenatchee,Colman,Bainbridge,20:10,20:11,20:44,02/07/2026,
Wenatchee,Bainbridge,Colman,20:55,20:56,21:27,02/07/2026,
Wenatchee,Colman,Bainbridge,21:45,21:46,22:18,02/07/2026,
Wenatchee,Bainbridge,Colman,22:30,22:30,23:01,02/07/2026,
Wenatchee,Colman,Bainbridge,23:15,23:16,23:49,02/07/2026,
Wenatchee,Bainbridge,Colman,00:15,00:15,01:01,02/08/2026,
Wenatchee,Colman,Bainbridge,01:05,01:11,01:44,02/08/2026,
Wenatchee,Bainbridge,Colman,01:45,01:49,02:20,02/08/2026,
Wenatchee,Colman,Bainbridge,02:25,02:29,03:03,02/08/2026,
Wenatchee,Bainbridge,Colman,05:20,05:21,05:54,02/08/2026,
Wenatchee,Colman,Bainbridge,06:10,06:12,06:45,02/08/2026,
Wenatchee,Bainbridge,Colman,07:05,07:07,07:40,02/08/2026,
Wenatchee,Colman,Bainbridge,07:55,07:57,08:28,02/08/2026,
Wenatchee,Bainbridge,Colman,08:45,08:46,09:18,02/08/2026,
Wenatchee,Colman,Bainbridge,09:35,09:37,10:09,02/08/2026,
Wenatchee,Bainbridge,Colman,10:25,10:25,10:59,02/08/2026,
Wenatchee,Colman,Bainbridge,11:25,11:28,12:01,02/08/2026,
Wenatchee,Bainbridge,Colman,12:20,12:22,12:52,02/08/2026,
Wenatchee,Colman,Bainbridge,13:15,13:17,13:49,02/08/2026,
Wenatchee,Bainbridge,Colman,14:10,14:14,14:44,02/08/2026,
Wenatchee,Colman,Bainbridge,15:05,15:06,15:39,02/08/2026,
Wenatchee,Bainbridge,Colman,15:55,15:57,16:26,02/08/2026,
Wenatchee,Colman,Bainbridge,16:45,16:46,17:17,02/08/2026,
Wenatchee,Bainbridge,Colman,17:35,17:36,18:06,02/08/2026,
Wenatchee,Colman,Bainbridge,18:25,18:26,19:02,02/08/2026,
Wenatchee,Bainbridge,Colman,19:15,19:15,19:46,02/08/2026,
Wenatchee,Colman,Bainbridge,20:10,20:14,20:45,02/08/2026,
Wenatchee,Bainbridge,Colman,20:55,20:59,21:29,02/08/2026,
Wenatchee,Colman,Bainbridge,21:45,21:46,22:30,02/08/2026,
Wenatchee,Bainbridge,Colman,22:30,22:30,23:00,02/08/2026,
Wenatchee,Colman,Bainbridge,23:15,23:17,23:48,02/08/2026,
Wenatchee,Bainbridge,Colman,00:00,00:00,00:31,02/09/2026,
Wenatchee,Colman,Bainbridge,00:45,00:46,01:18,02/09/2026,
Wenatchee,Bainbridge,Colman,01:25,01:25,01:56,02/09/2026,
Wenatchee,Colman,Bainbridge,02:10,02:12,02:43,02/09/2026,
Wenatchee,Bainbridge,Colman,05:20,05:20,05:54,02/09/2026,
Wenatchee,Colman,Bainbridge,06:10,06:13,06:43,02/09/2026,
Wenatchee,Bainbridge,Colman,07:05,07:07,07:40,02/09/2026,
Wenatchee,Colman,Bainbridge,07:55,07:56,08:27,02/09/2026,
Wenatchee,Bainbridge,Colman,08:45,08:47,09:19,02/09/2026,
Wenatchee,Colman,Bainbridge,09:35,09:38,10:09,02/09/2026,
Wenatchee,Bainbridge,Colman,10:25,10:27,11:00,02/09/2026,
Wenatchee,Colman,Bainbridge,11:25,11:26,11:58,02/09/2026,
Wenatchee,Bainbridge,Colman,12:20,12:21,12:54,02/09/2026,
Wenatchee,Colman,Bainbridge,13:10,13:14,13:46,02/09/2026,
Wenatchee,Bainbridge,Colman,14:05,14:07,14:37,02/09/2026,
Wenatchee,Colman,Bainbridge,15:00,15:01,15:33,02/09/2026,
Wenatchee,Bainbridge,Colman,15:50,15:52,16:21,02/09/2026,
Wenatchee,Colman,Bainbridge,16:45,16:48,17:20,02/09/2026,
Wenatchee,Bainbridge,Colman,17:35,17:35,18:06,02/09/2026,
Wenatchee,Colman,Bainbridge,18:30,18:32,19:06,02/09/2026,
Wenatchee,Bainbridge,Colman,19:20,19:21,19:52,02/09/2026,
Wenatchee,Colman,Bainbridge,20:15,20:15,20:48,02/09/2026,
Wenatchee,Bainbridge,Colman,21:00,21:01,21:32,02/09/2026,
Wenatchee,Colman,Bainbridge,22:05,22:07,22:39,02/09/2026,
Wenatchee,Bainbridge,Colman,05:20,05:21,05:52,02/10/2026,
Wenatchee,Colman,Bainbridge,06:10,06:11,06:42,02/10/2026,
Wenatchee,Bainbridge,Colman,07:05,07:07,07:38,02/10/2026,
Wenatchee,Colman,Bainbridge,07:55,07:57,08:32,02/10/2026,
Wenatchee,Bainbridge,Colman,08:45,08:47,09:16,02/10/2026,
Wenatchee,Colman,Bainbridge,09:35,09:37,10:08,02/10/2026,
Wenatchee,Bainbridge,Colman,10:25,10:27,10:56,02/10/2026,
Wenatchee,Colman,Bainbridge,11:25,11:26,11:58,02/10/2026,
Wenatchee,Bainbridge,Colman,12:20,12:22,12:53,02/10/2026,
Wenatchee,Colman,Bainbridge,13:10,13:11,13:43,02/10/2026,
Wenatchee,Bainbridge,Colman,14:05,14:06,14:35,02/10/2026,
Wenatchee,Colman,Bainbridge,15:00,15:02,15:33,02/10/2026,
Wenatchee,Bainbridge,Colman,15:50,15:55,16:21,02/10/2026,
Wenatchee,Colman,Bainbridge,16:45,16:47,17:19,02/10/2026,
Wenatchee,Bainbridge,Colman,17:35,17:36,18:07,02/10/2026,
Wenatchee,Colman,Bainbridge,18:30,18:31,19:05,02/10/2026,
Wenatchee,Bainbridge,Colman,19:20,19:21,19:52,02/10/2026,
Wenatchee,Colman,Bainbridge,20:15,20:16,20:48,02/10/2026,
Wenatchee,Bainbridge,Colman,21:00,21:00,21:31,02/10/2026,
Wenatchee,Colman,Bainbridge,22:05,22:06,22:37,02/10/2026,
Wenatchee,Bainbridge,Colman,04:45,04:46,05:19,02/11/2026,
Wenatchee,Colman,Bainbridge,05:30,05:32,06:03,02/11/2026,
Wenatchee,Bainbridge,Colman,06:20,06:21,06:53,02/11/2026,
Wenatchee,Colman,Bainbridge,07:05,07:09,07:41,02/11/2026,
Wenatchee,Bainbridge,Colman,07:55,08:00,08:31,02/11/2026,
Wenatchee,Colman,Bainbridge,08:45,08:50,09:21,02/11/2026,
Wenatchee,Bainbridge,Colman,09:40,09:42,10:12,02/11/2026,
Wenatchee,Colman,Bainbridge,10:40,10:42,11:12,02/11/2026,
Wenatchee,Bainbridge,Colman,11:30,11:49,12:04,02/11/2026,
Wenatchee,Colman,Bainbridge,12:25,12:36,13:08,02/11/2026,
Wenatchee,Bainbridge,Colman,13:15,13:22,13:53,02/11/2026,
Wenatchee,Colman,Bainbridge,14:05,14:10,14:41,02/11/2026,
Wenatchee,Bainbridge,Colman,14:55,14:58,15:30,02/11/2026,
Wenatchee,Colman,Bainbridge,15:50,15:52,16:24,02/11/2026,
Wenatchee,Bainbridge,Colman,16:45,16:45,17:16,02/11/2026,
Wenatchee,Colman,Bainbridge,17:45,17:47,18:18,02/11/2026,
Wenatchee,Bainbridge,Colman,18:40,18:41,19:10,02/11/2026,
Wenatchee,Colman,Bainbridge,19:30,19:32,20:04,02/11/2026,
Wenatchee,Bainbridge,Colman,20:20,20:22,20:52,02/11/2026,
Wenatchee,Colman,Bainbridge,21:20,21:21,21:53,02/11/2026,
Wenatchee,Bainbridge,Colman,22:00,22:02,22:33,02/11/2026,
Wenatchee,Colman,Bainbridge,22:50,22:51,23:23,02/11/2026,
Wenatchee,Bainbridge,Colman,23:30,23:31,00:01,02/11/2026,
Wenatchee,Colman,Bainbridge,00:15,00:16,00:48,02/12/2026,
Wenatchee,Bainbridge,Colman,00:55,00:56,01:27,02/12/2026,
Wenatchee,Colman,Bainbridge,01:35,01:36,02:08,02/12/2026,
Wenatchee,Bainbridge,Colman,04:45,04:46,05:13,02/12/2026,
Wenatchee,Colman,Bainbridge,05:30,05:32,06:01,02/12/2026,
Wenatchee,Bainbridge,Colman,06:20,06:20,06:51,02/12/2026,
Wenatchee,Colman,Bainbridge,07:05,07:06,07:37,02/12/2026,
Wenatchee,Bainbridge,Colman,07:55,07:56,08:27,02/12/2026,
Wenatchee,Colman,Bainbridge,08:45,08:47,09:17,02/12/2026,
Wenatchee,Bainbridge,Colman,09:40,09:43,10:14,02/12/2026,
Wenatchee,Colman,Bainbridge,10:40,10:42,11:12,02/12/2026,
Wenatchee,Bainbridge,Colman,11:30,11:31,12:01,02/12/2026,
Wenatchee,Colman,Bainbridge,12:25,12:28,12:59,02/12/2026,
Wenatchee,Bainbridge,Colman,13:15,13:17,13:47,02/12/2026,
Wenatchee,Colman,Bainbridge,14:05,14:07,14:38,02/12/2026,
Wenatchee,Bainbridge,Colman,14:55,14:56,15:26,02/12/2026,
Wenatchee,Colman,Bainbridge,15:50,16:02,16:29,02/12/2026,
Wenatchee,Bainbridge,Colman,16:45,16:45,17:16,02/12/2026,
Wenatchee,Colman,Bainbridge,17:45,17:47,18:19,02/12/2026,
Wenatchee,Bainbridge,Colman,18:40,18:41,19:12,02/12/2026,
Wenatchee,Colman,Bainbridge,19:30,19:32,20:03,02/12/2026,
Wenatchee,Bainbridge,Colman,20:20,20:20,20:51,02/12/2026,
